1 5 1224 1226
2 7 1224 1227
3 3 1224 1230
4 3 1230 1231
5 1 1230 1232
6 4 1229 1230
8 3 824 825
9 1 824 826
11 5 818 820
12 7 818 821
13 3 818 824
14 4 823 824
15 3 817 818
16 1 817 819
18 8 814 815
19 4 816 817
20 5 811 813
21 7 811 814
22 3 811 817
23 4 809 810
24 3 810 811
25 1 810 812
26 8 807 808
27 5 804 806
28 7 804 807
29 3 804 810
30 3 803 804
31 1 803 805
32 8 1199 1200
33 17 2837 2842
34 11 2837 2843
35 8 821 822
36 4 767 768
37 8 1192 1193
38 4 921 922
39 10 2834 2837
40 14 2834 2838
41 14 2834 2839
42 4 2304 2305
43 13 2831 2834
44 14 2831 2835
45 14 2831 2836
46 3 922 923
47 1 922 924
48 3 2298 2299
49 1 2298 2300
50 4 2297 2298
51 3 2284 2285
52 1 2284 2286
53 13 2830 2831
54 14 2830 2832
55 14 2830 2833
56 5 2299 2301
57 7 2299 2302
58 3 2299 2305
59 3 2305 2306
60 1 2305 2307
61 3 2312 2313
62 1 2312 2314
63 5 2313 2315
64 7 2313 2316
65 3 2313 2319
66 5 2306 2308
67 7 2306 2309
68 3 2306 2312
69 3 2319 2320
70 1 2319 2321
71 4 2311 2312
73 5 2320 2322
74 7 2320 2323
75 3 2320 2326
76 4 2318 2319
77 10 2969 2972
78 14 2969 2973
79 14 2969 2974
80 10 2979 2980
81 17 2979 2990
82 11 2979 2991
84 9 2817 2818
85 3 2326 2327
86 1 2326 2328
87 3 2333 2334
88 1 2333 2335
89 5 1042 1044
90 7 1042 1045
91 3 1042 1048
92 5 1035 1037
93 7 1035 1038
94 3 1035 1041
95 8 1045 1046
96 4 2325 2326
97 4 2332 2333
98 5 2334 2336
99 7 2334 2337
100 3 2334 2340
101 5 2327 2329
102 7 2327 2330
103 3 2327 2333
104 3 2340 2341
105 1 2340 2342
106 4 1026 1027
107 3 1041 1042
108 1 1041 1043
109 4 1040 1041
110 5 1028 1030
111 7 1028 1031
112 3 1028 1034
113 3 1027 1028
114 1 1027 1029
115 13 3041 3044
116 14 3041 3045
117 14 3041 3046
118 10 2924 2927
119 14 2924 2928
120 14 2924 2929
121 13 2921 2924
122 14 2921 2925
123 14 2921 2926
125 11 2927 2933
126 13 3040 3041
127 14 3040 3042
128 14 3040 3043
129 13 2920 2921
130 14 2920 2922
131 14 2920 2923
132 8 2379 2380
133 10 3044 3047
134 14 3044 3048
135 14 3044 3049
136 10 2919 2920
137 12 2919 2930
138 11 2919 2931
139 8 1241 1242
140 5 797 799
141 7 797 800
142 3 797 803
144 17 3047 3052
145 11 3047 3053
146 4 802 803
147 3 796 797
148 1 796 798
149 4 795 796
150 8 912 913
151 5 909 911
152 7 909 912
153 3 909 915
154 5 790 792
155 7 790 793
156 3 790 796
157 8 793 794
158 5 916 918
159 7 916 919
160 3 916 922
161 8 1402 1404
162 5 2292 2294
163 7 2292 2295
164 3 2292 2298
165 3 2291 2292
166 1 2291 2293
167 8 919 920
168 4 2290 2291
169 5 2285 2287
170 7 2285 2288
171 3 2285 2291
172 8 2295 2296
173 8 420 421
174 5 417 419
175 7 417 420
176 3 417 423
177 3 423 424
178 1 423 425
179 3 416 417
180 1 416 418
181 4 415 416
182 4 422 423
183 8 2288 2289
184 5 410 412
185 7 410 413
186 3 410 416
187 8 413 414
188 4 2283 2284
189 3 915 916
190 1 915 917
191 4 914 915
192 3 409 410
193 1 409 411
194 5 424 426
195 7 424 427
196 3 424 430
197 8 427 428
198 8 2302 2303
199 5 459 461
200 7 459 462
201 3 459 465
202 3 458 459
203 1 458 460
204 4 457 458
205 4 464 465
206 3 465 466
207 1 465 467
208 8 462 463
209 5 452 454
210 7 452 455
211 3 452 458
212 8 455 456
213 5 466 468
214 7 466 469
215 3 466 472
216 13 2980 2981
217 14 2980 2982
218 14 2980 2983
219 4 471 472
221 3 472 473
222 1 472 474
223 3 1048 1049
224 1 1048 1050
225 4 2374 2375
226 8 1052 1053
227 8 1059 1060
228 4 1061 1062
229 5 2376 2378
230 7 2376 2379
231 3 2376 2382
232 4 1047 1048
233 5 1049 1051
234 7 1049 1052
235 3 1049 1055
236 3 1055 1056
237 1 1055 1057
238 4 2381 2382
239 5 1056 1058
240 7 1056 1059
241 3 1056 1062
242 3 2382 2383
243 1 2382 2384
244 13 2981 2984
245 14 2981 2985
246 14 2981 2986
247 3 1062 1063
248 1 1062 1064
249 3 2375 2376
250 1 2375 2377
251 5 151 153
252 7 151 154
253 3 151 157
254 3 157 158
255 1 157 159
256 4 156 157
257 8 154 155
258 5 144 146
259 7 144 147
260 3 144 150
261 3 150 151
262 1 150 152
263 4 149 150
264 3 143 144
265 1 143 145
267 5 158 160
268 7 158 161
269 3 158 164
270 3 887 888
271 1 887 889
272 4 886 887
273 4 872 873
274 4 879 880
275 3 873 874
276 1 873 875
277 3 880 881
278 1 880 882
280 5 874 876
281 7 874 877
282 3 874 880
283 5 867 869
284 7 867 870
285 3 867 873
286 8 877 878
287 5 881 883
288 7 881 884
289 3 881 887
290 3 1384 1385
291 1 1384 1386
292 6 1399 1403
293 5 1399 1401
294 7 1399 1402
295 8 870 871
296 3 1398 1399
297 1 1398 1400
298 5 1392 1394
299 7 1392 1395
300 3 1392 1398
301 3 1391 1392
302 1 1391 1393
303 8 1395 1396
304 4 2703 2704
305 4 1397 1398
307 4 1390 1391
308 5 1385 1387
309 7 1385 1388
310 3 1385 1391
311 8 1388 1389
312 13 3070 3071
313 14 3070 3072
314 14 3070 3073
315 8 392 393
316 10 3069 3070
318 11 3069 3081
319 3 395 396
320 1 395 397
321 5 389 391
322 7 389 392
323 3 389 395
324 3 388 389
325 1 388 390
326 4 387 388
327 5 382 384
328 7 382 385
329 3 382 388
331 4 380 381
332 3 381 382
333 1 381 383
334 8 378 379
335 5 375 377
336 7 375 378
337 3 375 381
338 3 374 375
339 1 374 376
340 4 373 374
341 4 142 143
342 4 2402 2403
343 5 2397 2399
344 7 2397 2400
345 3 2397 2403
346 4 2395 2396
347 3 2396 2397
348 1 2396 2398
349 8 2386 2387
350 8 2393 2394
351 4 2388 2389
352 5 2383 2385
353 7 2383 2386
354 3 2383 2389
355 3 2389 2390
356 1 2389 2391
357 5 2390 2392
358 7 2390 2393
359 3 2390 2396
360 3 2403 2404
361 1 2403 2405
362 8 2400 2401
363 4 128 129
364 3 129 130
365 1 129 131
366 5 130 132
367 7 130 133
368 3 130 136
369 5 123 125
370 7 123 126
371 3 123 129
372 8 126 127
373 13 2845 2846
374 14 2845 2847
375 14 2845 2848
376 10 2844 2845
377 17 2844 2855
378 11 2844 2856
379 4 184 185
380 13 2846 2849
381 14 2846 2850
382 14 2846 2851
383 3 136 137
384 1 136 138
385 5 137 139
386 7 137 140
387 3 137 143
388 4 191 192
389 10 2849 2852
390 14 2849 2853
391 14 2849 2854
392 4 2710 2711
393 5 2705 2707
394 7 2705 2708
395 3 2705 2711
396 3 2711 2712
397 1 2711 2713
398 8 2708 2709
399 8 98 99
401 5 2712 2714
402 7 2712 2715
403 3 2712 2718
404 3 2718 2719
405 1 2718 2720
406 4 2717 2718
407 8 744 745
408 3 2704 2705
409 1 2704 2706
411 8 2722 2723
412 5 2719 2721
413 7 2719 2722
414 3 2719 2725
415 3 2725 2726
416 1 2725 2727
417 4 2724 2725
418 3 2732 2733
419 1 2732 2734
420 5 2726 2728
421 7 2726 2729
422 3 2726 2732
423 4 2731 2732
425 8 2729 2730
426 8 77 78
427 8 709 710
428 5 713 715
429 7 713 716
430 3 713 719
431 4 711 712
432 4 703 704
433 3 704 705
434 1 704 706
435 2 704 707
436 3 712 713
437 1 712 714
438 5 705 708
439 7 705 709
440 3 705 712
441 8 716 717
442 3 719 720
443 1 719 721
444 4 718 719
445 8 70 71
446 8 2407 2408
447 5 2404 2406
448 7 2404 2407
449 3 2404 2410
450 8 133 134
451 8 294 295
452 5 291 293
453 7 291 294
454 3 291 297
455 3 290 291
456 1 290 292
457 4 289 290
458 3 297 298
459 1 297 299
460 5 284 286
461 7 284 287
462 3 284 290
463 8 287 288
464 3 2410 2411
465 1 2410 2412
466 8 301 302
467 4 135 136
468 4 296 297
469 5 298 300
470 7 298 301
471 3 298 304
472 4 2409 2410
473 8 140 141
474 3 304 305
475 1 304 306
476 3 122 123
477 1 122 124
478 4 121 122
479 5 116 118
480 7 116 119
481 3 116 122
482 3 115 116
483 1 115 117
484 5 1217 1219
485 7 1217 1220
486 3 1217 1223
487 8 119 120
488 4 114 115
489 10 2949 2950
491 11 2949 2961
492 13 2950 2951
493 14 2950 2952
494 14 2950 2953
495 13 2951 2954
496 14 2951 2955
497 14 2951 2956
498 5 109 111
499 7 109 112
500 3 109 115
502 9 2825 2826
503 10 2874 2875
505 11 2874 2886
506 5 102 104
507 7 102 105
508 3 102 108
509 3 101 102
510 1 101 103
511 4 107 108
512 4 1201 1202
513 3 108 109
514 1 108 110
515 5 1196 1198
516 7 1196 1199
517 3 1196 1202
518 3 1202 1203
519 1 1202 1204
520 8 751 752
521 3 1195 1196
522 1 1195 1197
523 4 1194 1195
524 4 746 747
525 5 748 750
526 7 748 751
527 3 748 754
528 3 747 748
529 1 747 749
530 5 741 743
531 7 741 744
532 3 741 747
533 5 1189 1191
534 7 1189 1192
535 3 1189 1195
536 3 754 755
537 1 754 756
538 8 737 738
539 8 723 724
540 5 727 729
541 7 727 730
542 3 727 733
543 3 740 741
544 1 740 742
545 3 726 727
546 1 726 728
547 5 734 736
548 7 734 737
549 3 734 740
550 3 733 734
551 1 733 735
552 4 732 733
553 4 739 740
554 17 2897 2902
555 11 2897 2903
556 10 2894 2897
557 14 2894 2898
558 14 2894 2899
559 10 2829 2830
560 17 2829 2840
561 11 2829 2841
562 10 2889 2890
563 12 2889 2900
564 11 2889 2901
565 13 2891 2894
566 14 2891 2895
567 14 2891 2896
568 5 720 722
569 7 720 723
570 3 720 726
571 4 725 726
572 8 2323 2324
573 13 2890 2891
574 14 2890 2892
575 14 2890 2893
576 3 1006 1007
577 1 1006 1008
578 5 1000 1002
579 7 1000 1003
580 3 1000 1006
581 3 999 1000
582 1 999 1001
583 4 1005 1006
584 5 1007 1009
585 7 1007 1010
586 3 1007 1013
587 8 1003 1004
588 4 998 999
589 5 993 995
590 7 993 996
591 3 993 999
592 8 1010 1011
593 8 996 997
594 4 991 992
595 3 992 993
596 1 992 994
597 8 2330 2331
598 4 282 283
599 3 283 284
600 1 283 285
601 10 2954 2957
602 14 2954 2958
603 14 2954 2959
604 17 2957 2962
605 11 2957 2963
606 4 830 831
607 5 825 827
608 7 825 828
609 3 825 831
610 3 831 832
611 1 831 833
612 8 828 829
613 5 832 834
614 7 832 835
615 3 832 838
616 3 2037 2038
617 1 2037 2039
618 8 835 836
619 3 838 839
620 1 838 840
621 4 2036 2037
622 8 2041 2042
623 4 2029 2030
624 4 837 838
625 8 842 843
626 5 839 841
627 7 839 842
628 3 839 845
629 4 2043 2044
630 5 2080 2082
631 7 2080 2083
632 3 2080 2086
633 4 774 775
635 3 768 769
636 1 768 770
637 3 775 776
638 1 775 777
639 5 769 771
640 7 769 772
641 3 769 775
642 8 779 780
643 5 776 778
644 7 776 779
645 3 776 782
646 3 782 783
647 1 782 784
648 4 781 782
649 8 2267 2268
650 3 2277 2278
651 1 2277 2279
653 3 2270 2271
654 1 2270 2272
655 5 2271 2273
656 7 2271 2274
657 3 2271 2277
658 4 2269 2270
659 5 2264 2266
660 7 2264 2267
661 3 2264 2270
662 3 2263 2264
663 1 2263 2265
664 4 2262 2263
665 17 2972 2977
666 11 2972 2978
667 5 2278 2280
668 7 2278 2281
669 3 2278 2284
670 4 2276 2277
671 4 492 493
672 5 2257 2259
673 7 2257 2260
674 3 2257 2263
675 8 1866 1867
676 13 2965 2966
677 14 2965 2967
678 14 2965 2968
679 9 2821 2822
680 13 2966 2969
681 14 2966 2970
682 14 2966 2971
683 5 2229 2231
684 7 2229 2232
685 3 2229 2235
686 8 2232 2233
687 8 2225 2226
688 3 2228 2229
689 1 2228 2230
690 4 2227 2228
691 5 2222 2224
692 7 2222 2225
693 3 2222 2228
694 10 2964 2965
695 17 2964 2975
696 11 2964 2976
697 4 1019 1020
698 5 2236 2238
699 7 2236 2239
700 3 2236 2242
701 3 2235 2236
702 1 2235 2237
703 4 1117 1118
704 3 1034 1035
705 1 1034 1036
706 4 2220 2221
707 3 2221 2222
708 1 2221 2223
710 8 2218 2219
711 5 2215 2217
712 7 2215 2218
713 3 2215 2221
714 3 2214 2215
715 1 2214 2216
716 4 1033 1034
717 5 2073 2075
718 7 2073 2076
719 3 2073 2079
720 3 2079 2080
721 1 2079 2081
722 4 2213 2214
723 5 1021 1023
724 7 1021 1024
725 3 1021 1027
726 3 2072 2073
727 1 2072 2074
728 4 2071 2072
729 4 2078 2079
730 4 2085 2086
731 3 852 853
732 1 852 854
733 4 844 845
734 3 845 846
735 1 845 847
736 8 849 850
737 5 846 848
738 7 846 849
739 3 846 852
740 4 851 852
741 5 2187 2189
742 7 2187 2190
743 3 2187 2193
744 8 2190 2191
745 3 859 860
746 1 859 861
747 5 853 855
748 7 853 856
749 3 853 859
750 3 2193 2194
751 1 2193 2195
752 4 858 859
753 5 860 862
754 7 860 863
755 3 860 866
756 8 856 857
757 4 788 789
758 3 789 790
759 1 789 791
760 8 786 787
761 5 783 785
762 7 783 786
763 3 783 789
764 4 1882 1883
765 5 1884 1886
766 7 1884 1887
767 3 1884 1890
768 8 1887 1888
769 3 1883 1884
770 1 1883 1885
771 4 1875 1876
772 3 1876 1877
773 1 1876 1878
774 5 1870 1872
775 7 1870 1873
776 3 1870 1876
777 5 1877 1879
778 7 1877 1880
779 3 1877 1883
780 8 1873 1874
781 3 1869 1870
782 1 1869 1871
783 8 2013 2014
784 8 2281 2282
785 4 485 486
786 8 1880 1881
787 3 486 487
788 1 486 488
789 4 408 409
790 4 478 479
791 8 406 407
792 5 487 489
793 7 487 490
794 3 487 493
795 5 403 405
796 7 403 406
797 3 403 409
798 8 490 491
799 3 493 494
800 1 493 495
801 3 479 480
802 1 479 481
803 8 1115 1116
804 5 473 475
805 7 473 476
806 3 473 479
807 8 476 477
808 5 480 482
809 7 480 483
810 3 480 486
811 8 483 484
812 5 1105 1107
813 7 1105 1108
814 3 1105 1111
815 8 1108 1109
816 3 1104 1105
817 1 1104 1106
818 4 1103 1104
819 4 1110 1111
820 3 1111 1112
821 1 1111 1113
822 5 1098 1100
823 7 1098 1101
824 3 1098 1104
825 5 1112 1114
826 7 1112 1115
827 3 1112 1118
828 4 1054 1055
829 5 2208 2210
830 7 2208 2211
831 3 2208 2214
832 8 2204 2205
833 4 1068 1069
834 5 2194 2196
835 7 2194 2197
836 3 2194 2200
837 8 1066 1067
838 8 2211 2212
839 5 1063 1065
840 7 1063 1066
841 3 1063 1069
842 3 2200 2201
843 1 2200 2202
844 5 2201 2203
845 7 2201 2204
846 3 2201 2207
847 3 2207 2208
848 1 2207 2209
849 8 2197 2198
850 4 2206 2207
851 4 2199 2200
852 3 1069 1070
853 1 1069 1071
854 4 2185 2186
855 8 161 162
856 3 866 867
857 1 866 868
858 3 164 165
859 1 164 166
860 3 2186 2187
861 1 2186 2188
862 4 163 164
863 4 2178 2179
864 5 2180 2182
865 7 2180 2183
866 3 2180 2186
867 3 2179 2180
868 1 2179 2181
869 8 2183 2184
870 5 165 167
871 7 165 168
872 3 165 171
873 8 168 169
874 4 865 866
875 4 1903 1904
876 4 170 171
877 8 2169 2170
878 9 2819 2820
879 4 1889 1890
880 8 863 864
881 3 1890 1891
882 1 1890 1892
883 8 2701 2702
884 3 1904 1905
885 1 1904 1906
886 4 1896 1897
887 3 1897 1898
888 1 1897 1899
889 5 1905 1907
890 7 1905 1908
891 3 1905 1911
892 5 1898 1900
893 7 1898 1901
894 3 1898 1904
895 5 1891 1893
896 7 1891 1894
897 3 1891 1897
898 8 1901 1902
899 5 2698 2700
900 7 2698 2701
901 3 2698 2704
902 3 2697 2698
903 1 2697 2699
904 8 2771 2772
905 5 2691 2693
906 7 2691 2694
907 3 2691 2697
908 8 1894 1895
909 5 396 398
910 7 396 399
911 3 396 402
912 3 402 403
913 1 402 404
914 3 2690 2691
915 1 2690 2692
916 5 2684 2686
917 7 2684 2687
918 3 2684 2690
919 3 2683 2684
920 1 2683 2685
921 5 2677 2679
922 7 2677 2680
923 3 2677 2683
924 3 2676 2677
925 1 2676 2678
926 4 2682 2683
927 8 2680 2681
928 5 2670 2672
929 7 2670 2673
930 3 2670 2676
931 8 2687 2688
932 4 401 402
933 4 2689 2690
934 4 2675 2676
936 4 394 395
937 8 2666 2667
938 8 1101 1102
939 8 2673 2674
940 10 3024 3025
941 12 3024 3035
942 11 3024 3036
943 3 2669 2670
944 1 2669 2671
945 13 3025 3026
946 14 3025 3027
947 14 3025 3028
948 4 2668 2669
949 10 3029 3032
950 14 3029 3033
951 14 3029 3034
952 13 3026 3029
953 14 3026 3030
954 14 3026 3031
955 5 2663 2665
956 7 2663 2666
957 3 2663 2669
958 8 1073 1074
959 4 2171 2172
960 8 1080 1081
961 5 1070 1072
962 7 1070 1073
963 3 1070 1076
964 8 1087 1088
965 4 1075 1076
966 3 1076 1077
967 1 1076 1078
968 5 1077 1079
969 7 1077 1080
970 3 1077 1083
971 3 1083 1084
972 1 1083 1085
973 5 1084 1086
974 7 1084 1087
975 3 1084 1090
976 4 1082 1083
977 4 1910 1911
978 3 178 179
979 1 178 180
980 5 186 188
981 7 186 189
982 3 186 192
983 5 179 181
984 7 179 182
985 3 179 185
986 3 185 186
987 1 185 187
988 5 641 643
989 7 641 644
990 3 641 647
991 8 644 645
992 8 182 183
993 8 1915 1916
994 5 172 174
995 7 172 175
996 3 172 178
997 3 171 172
998 1 171 173
999 8 175 176
1000 3 192 193
1001 1 192 194
1002 3 640 641
1003 1 640 642
1004 3 1911 1912
1005 1 1911 1913
1006 5 1912 1914
1007 7 1912 1915
1008 3 1912 1918
1009 8 189 190
1010 8 196 197
1011 5 193 195
1012 7 193 196
1013 3 193 199
1014 4 2696 2697
1015 3 199 200
1016 1 199 201
1017 5 200 202
1018 7 200 203
1019 3 200 206
1020 3 206 207
1021 1 206 208
1022 4 1917 1918
1023 3 1918 1919
1024 1 1918 1920
1025 4 205 206
1026 5 207 209
1027 7 207 210
1028 3 207 213
1029 8 210 211
1030 4 2766 2767
1031 4 198 199
1032 8 2750 2751
1033 8 2694 2695
1034 5 2733 2735
1035 7 2733 2736
1036 3 2733 2739
1037 8 2757 2758
1038 8 2743 2744
1039 5 2740 2742
1040 7 2740 2743
1041 3 2740 2746
1042 3 2739 2740
1043 1 2739 2741
1044 5 2747 2749
1045 7 2747 2750
1046 3 2747 2753
1047 3 2746 2747
1048 1 2746 2748
1049 3 2753 2754
1050 1 2753 2755
1051 5 2754 2756
1052 7 2754 2757
1053 3 2754 2760
1054 4 233 234
1055 4 2738 2739
1056 4 212 213
1057 3 213 214
1058 1 213 215
1059 4 2745 2746
1060 3 234 235
1061 1 234 236
1062 17 3032 3037
1063 11 3032 3038
1064 4 2423 2424
1065 17 3062 3067
1066 11 3062 3068
1067 10 3059 3062
1068 14 3059 3063
1069 14 3059 3064
1070 4 240 241
1071 9 2813 2814
1072 4 177 178
1073 4 2430 2431
1074 4 2416 2417
1076 3 2424 2425
1077 1 2424 2426
1078 5 2418 2420
1079 7 2418 2421
1080 3 2418 2424
1081 3 2417 2418
1082 1 2417 2419
1083 8 2414 2415
1084 5 2411 2413
1085 7 2411 2414
1086 3 2411 2417
1087 5 2425 2427
1088 7 2425 2428
1089 3 2425 2431
1090 4 646 647
1091 8 266 267
1092 5 634 636
1093 7 634 637
1094 3 634 640
1095 8 637 638
1096 8 630 631
1098 11 2882 2888
1099 10 2879 2882
1100 14 2879 2883
1101 14 2879 2884
1102 13 2876 2879
1103 14 2876 2880
1104 14 2876 2881
1105 13 2875 2876
1106 14 2875 2877
1107 14 2875 2878
1108 5 627 629
1109 7 627 630
1110 3 627 633
1111 3 633 634
1112 1 633 635
1114 8 765 766
1116 8 203 204
1117 3 626 627
1118 1 626 628
1119 5 762 764
1120 7 762 765
1121 3 762 768
1122 5 755 757
1123 7 755 758
1124 3 755 761
1125 3 761 762
1126 1 761 763
1127 4 760 761
1128 4 753 754
1129 8 623 624
1130 8 217 218
1131 5 620 622
1132 7 620 623
1133 3 620 626
1134 8 616 617
1135 5 613 615
1136 7 613 616
1137 3 613 619
1138 3 619 620
1139 1 619 621
1140 4 618 619
1141 9 2815 2816
1142 4 226 227
1144 5 214 216
1145 7 214 217
1146 3 214 220
1147 3 227 228
1148 1 227 229
1149 3 220 221
1150 1 220 222
1151 4 219 220
1152 5 221 223
1153 7 221 224
1154 3 221 227
1155 8 224 225
1156 5 228 230
1157 7 228 231
1158 3 228 234
1159 8 231 232
1160 4 2248 2249
1161 3 2249 2250
1162 1 2249 2251
1163 3 2256 2257
1164 1 2256 2258
1165 4 2255 2256
1166 3 1013 1014
1167 1 1013 1015
1168 4 1012 1013
1169 13 3056 3059
1170 14 3056 3060
1171 14 3056 3061
1172 10 3054 3055
1173 12 3054 3065
1174 11 3054 3066
1175 13 3055 3056
1176 14 3055 3057
1177 14 3055 3058
1178 4 2241 2242
1179 4 2234 2235
1180 3 2242 2243
1181 1 2242 2244
1182 3 255 256
1183 1 255 257
1184 5 2243 2245
1185 7 2243 2246
1186 3 2243 2249
1187 8 1031 1032
1188 8 1017 1018
1189 5 1014 1016
1190 7 1014 1017
1191 3 1014 1020
1192 8 280 281
1193 5 277 279
1194 7 277 280
1195 3 277 283
1196 3 1020 1021
1197 1 1020 1022
1198 8 273 274
1199 4 261 262
1200 8 1024 1025
1201 8 2069 2070
1202 3 276 277
1203 1 276 278
1204 4 275 276
1205 3 262 263
1206 1 262 264
1207 5 270 272
1208 7 270 273
1209 3 270 276
1210 5 263 265
1211 7 263 266
1212 3 263 269
1213 3 269 270
1214 1 269 271
1215 4 268 269
1216 5 256 258
1217 7 256 259
1218 3 256 262
1219 8 259 260
1220 5 2066 2068
1221 7 2066 2069
1222 3 2066 2072
1223 5 2038 2040
1224 7 2038 2041
1225 3 2038 2044
1226 3 2044 2045
1227 1 2044 2046
1228 3 2030 2031
1229 1 2030 2032
1230 3 1307 1308
1231 1 1307 1309
1232 3 1300 1301
1233 1 1300 1302
1234 4 1299 1300
1235 5 2087 2089
1236 7 2087 2090
1237 3 2087 2093
1238 5 1301 1303
1239 7 1301 1304
1240 3 1301 1307
1241 8 1304 1305
1242 8 2083 2084
1243 8 2090 2091
1244 3 2086 2087
1245 1 2086 2088
1246 8 2097 2098
1247 5 1294 1296
1248 7 1294 1297
1249 3 1294 1300
1250 8 1663 1664
1251 4 1658 1659
1252 5 2031 2033
1253 7 2031 2034
1254 3 2031 2037
1255 3 1293 1294
1256 1 1293 1295
1257 8 2034 2035
1258 4 1292 1293
1259 8 609 610
1260 4 1306 1307
1261 8 602 603
1262 3 598 599
1263 1 598 600
1264 5 599 601
1265 7 599 602
1266 3 599 605
1267 4 597 598
1268 3 605 606
1269 1 605 607
1270 5 592 594
1271 7 592 595
1272 3 592 598
1273 4 1854 1855
1274 3 1855 1856
1275 1 1855 1857
1276 3 1862 1863
1277 1 1862 1864
1278 8 595 596
1279 4 1861 1862
1280 5 1287 1289
1281 7 1287 1290
1282 3 1287 1293
1283 5 2024 2026
1284 7 2024 2027
1285 3 2024 2030
1286 4 590 591
1287 4 513 514
1288 3 514 515
1289 1 514 516
1290 5 508 510
1291 7 508 511
1292 3 508 514
1293 3 507 508
1294 1 507 509
1295 4 506 507
1296 8 511 512
1297 5 515 517
1298 7 515 518
1299 3 515 521
1300 5 501 503
1301 7 501 504
1302 3 501 507
1303 4 499 500
1304 3 500 501
1305 1 500 502
1306 8 2260 2261
1307 8 504 505
1308 3 521 522
1309 1 521 523
1310 4 1131 1132
1311 5 1119 1121
1312 7 1119 1122
1313 3 1119 1125
1314 8 1129 1130
1315 3 1132 1133
1316 1 1132 1134
1317 5 1126 1128
1318 7 1126 1129
1319 3 1126 1132
1320 3 1125 1126
1321 1 1125 1127
1322 5 1133 1135
1323 7 1133 1136
1324 3 1133 1139
1325 3 1139 1140
1326 1 1139 1141
1327 4 1798 1799
1328 4 1124 1125
1329 8 1136 1137
1330 8 1143 1144
1331 4 1138 1139
1332 9 2809 2810
1333 8 1670 1671
1334 5 1667 1669
1335 7 1667 1670
1336 3 1667 1673
1337 3 1680 1681
1338 1 1680 1682
1339 4 1679 1680
1340 5 1674 1676
1341 7 1674 1677
1342 3 1674 1680
1343 3 1673 1674
1344 1 1673 1675
1345 8 1677 1678
1346 4 1672 1673
1347 3 1666 1667
1348 1 1666 1668
1349 5 1660 1662
1350 7 1660 1663
1351 3 1660 1666
1352 4 1665 1666
1353 4 2015 2016
1354 4 2022 2023
1355 3 2093 2094
1356 1 2093 2095
1357 5 2094 2096
1358 7 2094 2097
1359 3 2094 2100
1360 4 2092 2093
1361 3 2100 2101
1362 1 2100 2102
1363 6 2101 2105
1364 5 2101 2103
1365 7 2101 2104
1366 4 2099 2100
1367 8 2104 2106
1368 8 2806 2808
1369 6 2803 2807
1370 5 2803 2805
1371 7 2803 2806
1372 3 2016 2017
1373 1 2016 2018
1374 4 2192 2193
1375 8 2027 2028
1376 8 1859 1860
1377 4 1868 1869
1378 8 2020 2021
1379 3 2023 2024
1380 1 2023 2025
1381 5 2017 2019
1382 7 2017 2020
1383 3 2017 2023
1384 8 1290 1291
1385 5 2010 2012
1386 7 2010 2013
1387 3 2010 2016
1388 5 1856 1858
1389 7 1856 1859
1390 3 1856 1862
1391 8 2006 2007
1392 5 1849 1851
1393 7 1849 1852
1394 3 1849 1855
1395 5 1996 1998
1396 7 1996 1999
1397 3 1996 2002
1398 3 2009 2010
1399 1 2009 2011
1400 8 1852 1853
1401 4 2008 2009
1402 5 1989 1991
1403 7 1989 1992
1404 3 1989 1995
1405 5 1863 1865
1406 7 1863 1866
1407 3 1863 1869
1408 4 2626 2627
1409 5 494 496
1410 7 494 497
1411 3 494 500
1412 5 2628 2630
1413 7 2628 2631
1414 3 2628 2634
1415 3 2627 2628
1416 1 2627 2629
1417 8 2631 2632
1418 4 2640 2641
1419 3 2634 2635
1420 1 2634 2636
1421 4 2633 2634
1422 8 497 498
1423 5 2635 2637
1424 7 2635 2638
1425 3 2635 2641
1426 8 2624 2625
1427 5 2621 2623
1428 7 2621 2624
1429 3 2621 2627
1430 3 2641 2642
1431 1 2641 2643
1432 3 2648 2649
1433 1 2648 2650
1434 8 1122 1123
1435 8 2652 2653
1436 3 1118 1119
1437 1 1118 1120
1438 5 2649 2651
1439 7 2649 2652
1440 3 2649 2655
1441 3 2655 2656
1442 1 2655 2657
1443 5 2656 2658
1444 7 2656 2659
1445 3 2656 2662
1446 8 2659 2660
1447 4 2654 2655
1448 8 1775 1776
1449 4 2647 2648
1450 5 2642 2644
1451 7 2642 2645
1452 3 2642 2648
1453 8 1684 1685
1454 5 1681 1683
1455 7 1681 1684
1456 3 1681 1687
1457 4 1700 1701
1458 4 1686 1687
1459 3 1687 1688
1460 1 1687 1689
1461 4 1693 1694
1462 3 1694 1695
1463 1 1694 1696
1464 5 1695 1697
1465 7 1695 1698
1466 3 1695 1701
1467 8 1691 1692
1468 5 1688 1690
1469 7 1688 1691
1470 3 1688 1694
1471 8 1698 1699
1472 3 1701 1702
1473 1 1701 1703
1474 4 1096 1097
1475 3 1097 1098
1476 1 1097 1099
1477 5 1772 1774
1478 7 1772 1775
1479 3 1772 1778
1480 8 1908 1909
1481 3 2172 2173
1482 1 2172 2174
1483 5 2173 2175
1484 7 2173 2176
1485 3 2173 2179
1486 5 2166 2168
1487 7 2166 2169
1488 3 2166 2172
1489 4 2801 2802
1490 3 2802 2803
1491 1 2802 2804
1492 5 2796 2798
1493 7 2796 2799
1494 3 2796 2802
1495 8 2799 2800
1496 4 2794 2795
1497 3 2795 2796
1498 1 2795 2797
1499 8 2792 2793
1500 5 2789 2791
1501 7 2789 2792
1502 3 2789 2795
1503 4 1707 1708
1504 8 2162 2163
1505 5 2003 2005
1506 7 2003 2006
1507 3 2003 2009
1508 8 1999 2000
1509 3 2002 2003
1510 1 2002 2004
1511 3 1995 1996
1512 1 1995 1997
1513 4 2001 2002
1514 3 2788 2789
1515 1 2788 2790
1516 4 2787 2788
1517 3 2781 2782
1518 1 2781 2783
1519 5 2782 2784
1520 7 2782 2785
1521 3 2782 2788
1522 5 2775 2777
1523 7 2775 2778
1524 3 2775 2781
1525 4 2780 2781
1526 8 2778 2779
1527 8 2785 2786
1528 3 2774 2775
1529 1 2774 2776
1530 5 2768 2770
1531 7 2768 2771
1532 3 2768 2774
1533 8 2617 2618
1534 4 2619 2620
1535 3 2620 2621
1536 1 2620 2622
1537 5 2614 2616
1538 7 2614 2617
1539 3 2614 2620
1540 3 2613 2614
1541 1 2613 2615
1542 5 2607 2609
1543 7 2607 2610
1544 3 2607 2613
1545 4 2612 2613
1546 3 2606 2607
1547 1 2606 2608
1548 4 2605 2606
1549 8 2610 2611
1550 5 2600 2602
1551 7 2600 2603
1552 3 2600 2606
1553 8 2603 2604
1554 8 2764 2765
1555 8 2561 2562
1556 4 695 696
1557 8 700 702
1558 6 697 701
1559 5 697 699
1560 7 697 700
1561 4 2661 2662
1562 3 2662 2663
1563 1 2662 2664
1564 3 696 697
1565 1 696 698
1566 8 1761 1762
1567 3 1771 1772
1568 1 1771 1773
1569 8 2596 2597
1570 4 1770 1771
1571 3 1090 1091
1572 1 1090 1092
1573 8 2176 2177
1574 5 1091 1093
1575 7 1091 1094
1576 3 1091 1097
1577 8 1705 1706
1578 8 1094 1095
1579 4 1089 1090
1580 3 1708 1709
1581 1 1708 1710
1582 8 1768 1769
1583 5 1765 1767
1584 7 1765 1768
1585 3 1765 1771
1586 5 1702 1704
1587 7 1702 1705
1588 3 1702 1708
1589 8 2442 2443
1590 4 2437 2438
1591 5 2439 2441
1592 7 2439 2442
1593 3 2439 2445
1594 4 2444 2445
1595 8 2449 2450
1596 3 2445 2446
1597 1 2445 2447
1598 3 2438 2439
1599 1 2438 2440
1600 8 2435 2436
1601 4 2164 2165
1602 3 2165 2166
1603 1 2165 2167
1604 4 2157 2158
1605 5 2159 2161
1606 7 2159 2162
1607 3 2159 2165
1608 3 2158 2159
1609 1 2158 2160
1610 3 2151 2152
1611 1 2151 2153
1612 5 2152 2154
1613 7 2152 2155
1614 3 2152 2158
1615 4 2150 2151
1616 5 2145 2147
1617 7 2145 2148
1618 3 2145 2151
1619 8 2155 2156
1620 4 2143 2144
1621 3 2144 2145
1622 1 2144 2146
1623 8 2148 2149
1624 4 1924 1925
1625 8 1922 1923
1626 4 2773 2774
1627 5 1919 1921
1628 7 1919 1922
1629 3 1919 1925
1630 3 1925 1926
1631 1 1925 1927
1632 3 1939 1940
1633 1 1939 1941
1634 5 1933 1935
1635 7 1933 1936
1636 3 1933 1939
1637 5 1926 1928
1638 7 1926 1929
1639 3 1926 1932
1640 3 1932 1933
1641 1 1932 1934
1642 4 1938 1939
1643 4 1931 1932
1644 8 1929 1930
1645 8 1936 1937
1646 3 2767 2768
1647 1 2767 2769
1648 4 2752 2753
1649 5 2761 2763
1650 7 2761 2764
1651 3 2761 2767
1652 4 2759 2760
1653 3 2760 2761
1654 1 2760 2762
1655 8 2526 2527
1656 4 2528 2529
1657 5 2523 2525
1658 7 2523 2526
1659 3 2523 2529
1660 8 2533 2534
1661 3 2529 2530
1662 1 2529 2531
1663 8 238 239
1664 3 2522 2523
1665 1 2522 2524
1666 4 1405 1406
1667 5 235 237
1668 7 235 238
1669 3 235 241
1670 8 693 694
1671 5 690 692
1672 7 690 693
1673 3 690 696
1674 4 688 689
1675 3 689 690
1676 1 689 691
1677 3 241 242
1678 1 241 243
1679 8 686 687
1680 5 683 685
1681 7 683 686
1682 3 683 689
1683 5 676 678
1684 7 676 679
1685 3 676 682
1686 3 682 683
1687 1 682 684
1688 4 681 682
1689 3 675 676
1690 1 675 677
1691 5 242 244
1692 7 242 245
1693 3 242 248
1694 8 245 246
1695 5 669 671
1696 7 669 672
1697 3 669 675
1698 3 647 648
1699 1 647 649
1700 8 672 673
1701 8 2428 2429
1702 5 2446 2448
1703 7 2446 2449
1704 3 2446 2452
1705 3 2431 2432
1706 1 2431 2433
1707 8 651 652
1708 5 2432 2434
1709 7 2432 2435
1710 3 2432 2438
1711 5 648 650
1712 7 648 651
1713 3 648 654
1714 8 658 659
1715 5 655 657
1716 7 655 658
1717 3 655 661
1718 3 668 669
1719 1 668 670
1720 4 667 668
1721 3 654 655
1722 1 654 656
1723 5 662 664
1724 7 662 665
1725 3 662 668
1726 3 661 662
1727 1 661 663
1728 4 653 654
1729 4 639 640
1730 4 632 633
1731 4 2136 2137
1732 4 2050 2051
1733 5 1308 1310
1734 7 1308 1311
1735 3 1308 1314
1736 8 2141 2142
1737 5 2138 2140
1738 7 2138 2141
1739 3 2138 2144
1740 3 2137 2138
1741 1 2137 2139
1742 5 2045 2047
1743 7 2045 2048
1744 3 2045 2051
1745 8 2048 2049
1746 3 2051 2052
1747 1 2051 2053
1748 5 2052 2054
1749 7 2052 2055
1750 3 2052 2058
1751 4 2057 2058
1752 3 2058 2059
1753 1 2058 2060
1754 8 1318 1319
1755 5 2131 2133
1756 7 2131 2134
1757 3 2131 2137
1758 8 2134 2135
1759 4 604 605
1760 5 606 608
1761 7 606 609
1762 3 606 612
1763 4 625 626
1764 5 1315 1317
1765 7 1315 1318
1766 3 1315 1321
1767 3 1314 1315
1768 1 1314 1316
1769 3 1321 1322
1770 1 1321 1323
1771 3 612 613
1772 1 612 614
1773 4 611 612
1774 4 1320 1321
1775 4 1313 1314
1776 8 1425 1426
1777 5 1422 1424
1778 7 1422 1425
1779 3 1422 1428
1780 8 518 519
1781 4 1420 1421
1782 3 1421 1422
1783 1 1421 1423
1784 5 1415 1417
1785 7 1415 1418
1786 3 1415 1421
1787 4 1413 1414
1788 4 520 521
1789 8 1418 1419
1790 5 2250 2252
1791 7 2250 2253
1792 3 2250 2256
1793 8 2253 2254
1794 8 1411 1412
1795 3 1406 1407
1796 1 1406 1408
1797 2 1406 1409
1798 5 1407 1410
1799 7 1407 1411
1800 3 1407 1414
1801 3 1414 1415
1802 1 1414 1416
1803 8 2512 2513
1804 5 2509 2511
1805 7 2509 2512
1806 3 2509 2515
1807 5 2516 2518
1808 7 2516 2519
1809 3 2516 2522
1810 3 2515 2516
1811 1 2515 2517
1812 4 254 255
1813 4 2507 2508
1814 3 2508 2509
1815 1 2508 2510
1816 8 2246 2247
1817 4 2107 2108
1818 8 2239 2240
1819 4 247 248
1820 3 248 249
1821 1 248 250
1822 5 249 251
1823 7 249 252
1824 3 249 255
1825 8 252 253
1826 8 2505 2506
1827 5 2502 2504
1828 7 2502 2505
1829 3 2502 2508
1830 3 2108 2109
1831 1 2108 2110
1832 2 2108 2111
1833 4 2064 2065
1834 8 665 666
1835 4 660 661
1836 5 2059 2061
1837 7 2059 2062
1838 3 2059 2065
1839 3 2065 2066
1840 1 2065 2067
1841 8 2062 2063
1842 8 2113 2114
1843 5 2109 2112
1844 7 2109 2113
1845 3 2109 2116
1846 5 2117 2119
1847 7 2117 2120
1848 3 2117 2123
1849 3 2116 2117
1850 1 2116 2118
1851 4 2115 2116
1852 4 2129 2130
1853 8 2127 2128
1854 4 2122 2123
1855 5 1653 1655
1856 7 1653 1656
1857 3 1653 1659
1859 3 1659 1660
1860 1 1659 1661
1861 5 1646 1648
1862 7 1646 1649
1863 3 1646 1652
1864 3 1652 1653
1865 1 1652 1654
1866 4 1651 1652
1867 4 569 570
1868 3 570 571
1869 1 570 572
1870 8 1649 1650
1871 3 1645 1646
1872 1 1645 1647
1873 5 1639 1641
1874 7 1639 1642
1875 3 1639 1645
1876 8 1297 1298
1877 8 574 575
1878 5 571 573
1879 7 571 574
1880 3 571 577
1881 3 577 578
1882 1 577 579
1883 3 591 592
1884 1 591 593
1885 5 585 587
1886 7 585 588
1887 3 585 591
1888 3 584 585
1889 1 584 586
1890 5 578 580
1891 7 578 581
1892 3 578 584
1893 4 583 584
1895 4 1847 1848
1896 4 576 577
1897 4 1271 1272
1898 8 1269 1270
1899 8 588 589
1900 5 1266 1268
1901 7 1266 1269
1902 3 1266 1272
1903 8 539 540
1904 5 536 538
1905 7 536 539
1906 3 536 542
1907 4 1840 1841
1908 3 1841 1842
1909 1 1841 1843
1910 8 532 533
1911 5 529 531
1912 7 529 532
1913 3 529 535
1914 5 1828 1830
1915 7 1828 1831
1916 3 1828 1834
1917 3 1827 1828
1918 1 1827 1829
1919 4 1826 1827
1920 8 1831 1832
1921 3 535 536
1922 1 535 537
1923 4 534 535
1924 8 1838 1839
1925 5 1140 1142
1926 7 1140 1143
1927 3 1140 1146
1928 3 1799 1800
1929 1 1799 1801
1930 8 1796 1797
1931 5 1821 1823
1932 7 1821 1824
1933 3 1821 1827
1934 8 1824 1825
1935 3 1820 1821
1936 1 1820 1822
1937 4 1819 1820
1938 5 1800 1802
1939 7 1800 1803
1940 3 1800 1806
1941 4 1805 1806
1942 3 1806 1807
1943 1 1806 1808
1944 5 1807 1809
1945 7 1807 1810
1946 3 1807 1813
1947 5 1814 1816
1948 7 1814 1817
1949 3 1814 1820
1950 3 1813 1814
1951 1 1813 1815
1952 8 1817 1818
1953 3 1146 1147
1954 1 1146 1148
1955 5 1154 1156
1956 7 1154 1157
1957 3 1154 1160
1958 5 1147 1149
1959 7 1147 1150
1960 3 1147 1153
1961 5 1793 1795
1962 7 1793 1796
1963 3 1793 1799
1964 8 1810 1811
1966 4 1539 1540
1968 11 2867 2873
1970 5 1541 1543
1971 7 1541 1544
1972 3 1541 1547
1973 10 2864 2867
1974 14 2864 2868
1975 14 2864 2869
1976 8 1551 1552
1977 13 2861 2864
1978 14 2861 2865
1979 14 2861 2866
1980 8 1985 1986
1981 4 1285 1286
1982 4 1644 1645
1983 5 1562 1564
1984 7 1562 1565
1985 3 1562 1568
1986 8 1565 1566
1987 3 1568 1569
1988 1 1568 1570
1989 8 1572 1573
1990 4 1637 1638
1991 5 1982 1984
1992 7 1982 1985
1993 3 1982 1988
1994 4 1980 1981
1995 3 1638 1639
1996 1 1638 1640
1997 3 1981 1982
1998 1 1981 1983
1999 4 1567 1568
2000 4 1560 1561
2001 8 1558 1559
2002 3 1561 1562
2003 1 1561 1563
2004 5 1569 1571
2005 7 1569 1572
2006 3 1569 1575
2007 4 1630 1631
2008 3 1848 1849
2009 1 1848 1850
2010 4 1278 1279
2011 3 1286 1287
2012 1 1286 1288
2013 8 1283 1284
2014 8 1628 1629
2015 3 1279 1280
2016 1 1279 1281
2017 3 1272 1273
2018 1 1272 1274
2019 4 1987 1988
2020 5 1273 1275
2021 7 1273 1276
2022 3 1273 1279
2023 8 1992 1993
2024 5 1280 1282
2025 7 1280 1283
2026 3 1280 1286
2027 8 1276 1277
2028 3 1988 1989
2029 1 1988 1990
2030 8 1621 1622
2031 5 1835 1837
2032 7 1835 1838
2033 3 1835 1841
2034 3 1834 1835
2035 1 1834 1836
2036 8 1845 1846
2037 4 1833 1834
2038 5 1842 1844
2039 7 1842 1845
2040 3 1842 1848
2041 8 2638 2639
2042 8 1502 1503
2043 4 2570 2571
2044 5 1499 1501
2045 7 1499 1502
2046 3 1499 1505
2047 3 1505 1506
2048 1 1505 1507
2049 4 1777 1778
2050 8 2645 2646
2051 3 1785 1786
2052 1 1785 1787
2053 3 1778 1779
2054 1 1778 1780
2055 5 1506 1508
2056 7 1506 1509
2057 3 1506 1512
2058 8 1509 1510
2059 3 1792 1793
2060 1 1792 1794
2061 5 1779 1781
2062 7 1779 1782
2063 3 1779 1785
2064 5 1786 1788
2065 7 1786 1789
2066 3 1786 1792
2067 8 1789 1790
2068 8 1516 1517
2069 5 1513 1515
2070 7 1513 1516
2071 3 1513 1519
2072 3 1519 1520
2073 1 1519 1521
2074 3 1512 1513
2075 1 1512 1514
2076 4 1518 1519
2077 4 1546 1547
2078 3 1540 1541
2079 1 1540 1542
2080 5 1534 1536
2081 7 1534 1537
2082 3 1534 1540
2083 4 1791 1792
2084 4 1784 1785
2085 4 1553 1554
2086 8 1782 1783
2087 5 1555 1557
2088 7 1555 1558
2089 3 1555 1561
2090 3 1554 1555
2091 1 1554 1556
2092 5 1548 1550
2093 7 1548 1551
2094 3 1548 1554
2095 3 1547 1548
2096 1 1547 1549
2097 8 1971 1972
2098 3 1974 1975
2099 1 1974 1976
2100 4 1973 1974
2101 5 1968 1970
2102 7 1968 1971
2103 3 1968 1974
2104 5 1975 1977
2105 7 1975 1978
2106 3 1975 1981
2107 3 1967 1968
2108 1 1967 1969
2109 4 1966 1967
2110 8 1978 1979
2111 8 1726 1727
2112 5 1961 1963
2113 7 1961 1964
2114 3 1961 1967
2115 8 1964 1965
2116 4 2556 2557
2117 4 1994 1995
2118 8 2554 2555
2119 9 2827 2828
2120 8 1607 1608
2121 3 2557 2558
2122 1 2557 2559
2123 5 2551 2553
2124 7 2551 2554
2125 3 2551 2557
2126 3 2550 2551
2127 1 2550 2552
2128 4 2549 2550
2129 8 2568 2569
2130 4 2563 2564
2131 4 2577 2578
2132 5 2558 2560
2133 7 2558 2561
2134 3 2558 2564
2135 3 2571 2572
2136 1 2571 2573
2137 3 2564 2565
2138 1 2564 2566
2139 5 2565 2567
2140 7 2565 2568
2141 3 2565 2571
2142 8 2575 2576
2143 3 2578 2579
2144 1 2578 2580
2145 5 2572 2574
2146 7 2572 2575
2147 3 2572 2578
2148 5 2579 2581
2149 7 2579 2582
2150 3 2579 2585
2151 4 2598 2599
2152 8 1467 1468
2154 4 2542 2543
2155 3 2599 2600
2156 1 2599 2601
2157 5 1758 1760
2158 7 1758 1761
2159 3 1758 1764
2160 3 1764 1765
2161 1 1764 1766
2162 4 2584 2585
2163 5 2593 2595
2164 7 2593 2596
2165 3 2593 2599
2166 8 2589 2590
2167 3 2585 2586
2168 1 2585 2587
2169 5 2586 2588
2170 7 2586 2589
2171 3 2586 2592
2172 3 2592 2593
2173 1 2592 2594
2174 4 2591 2592
2175 8 350 351
2176 8 357 358
2177 3 1757 1758
2178 1 1757 1759
2179 10 2999 3002
2180 14 2999 3003
2181 14 2999 3004
2182 5 347 349
2183 7 347 350
2184 3 347 353
2185 4 352 353
2186 3 353 354
2187 1 353 355
2188 4 1763 1764
2189 8 343 344
2190 4 1714 1715
2191 5 1709 1711
2192 7 1709 1712
2193 3 1709 1715
2194 5 340 342
2195 7 340 343
2196 3 340 346
2197 3 1715 1716
2198 1 1715 1717
2199 4 345 346
2200 8 1712 1713
2201 3 1722 1723
2202 1 1722 1724
2203 5 1723 1725
2204 7 1723 1726
2205 3 1723 1729
2206 5 1716 1718
2207 7 1716 1719
2208 3 1716 1722
2209 8 1719 1720
2210 3 346 347
2211 1 346 348
2212 4 1721 1722
2213 3 1729 1730
2214 1 1729 1731
2215 4 338 339
2216 3 339 340
2217 1 339 341
2218 8 2456 2457
2219 8 2463 2464
2220 3 1960 1961
2221 1 1960 1962
2222 4 1334 1335
2223 3 1342 1343
2224 1 1342 1344
2225 8 1957 1958
2226 5 1954 1956
2227 7 1954 1957
2228 3 1954 1960
2229 8 1346 1347
2230 4 1959 1960
2231 5 1343 1345
2232 7 1343 1346
2233 3 1343 1349
2234 5 2544 2546
2235 7 2544 2547
2236 3 2544 2550
2237 3 1953 1954
2238 1 1953 1955
2239 4 1952 1953
2240 8 1950 1951
2241 5 1940 1942
2242 7 1940 1943
2243 3 1940 1946
2244 5 1947 1949
2245 7 1947 1950
2246 3 1947 1953
2247 8 1943 1944
2248 3 1946 1947
2249 1 1946 1948
2250 4 1945 1946
2251 8 2547 2548
2252 8 1353 1354
2253 5 1350 1352
2254 7 1350 1353
2255 3 1350 1356
2256 4 1441 1442
2257 3 1442 1443
2258 1 1442 1444
2259 4 2535 2536
2260 5 2530 2532
2261 7 2530 2533
2262 3 2530 2536
2263 3 2543 2544
2264 1 2543 2545
2265 13 2995 2996
2266 14 2995 2997
2267 14 2995 2998
2268 8 1439 1440
2269 3 2536 2537
2270 1 2536 2538
2271 5 1443 1445
2272 7 1443 1446
2273 3 1443 1449
2274 8 2540 2541
2275 8 1446 1447
2276 4 2521 2522
2277 5 2537 2539
2278 7 2537 2540
2279 3 2537 2543
2280 8 1453 1454
2281 10 2939 2942
2282 14 2939 2943
2283 14 2939 2944
2284 13 2996 2999
2285 14 2996 3000
2286 14 2996 3001
2287 13 2935 2936
2288 14 2935 2937
2289 14 2935 2938
2290 4 674 675
2292 4 1756 1757
2293 17 3002 3007
2294 11 3002 3008
2295 13 2936 2939
2296 14 2936 2940
2297 14 2936 2941
2298 4 1749 1750
2299 10 2934 2935
2300 12 2934 2945
2301 11 2934 2946
2302 3 1750 1751
2303 1 1750 1752
2304 3 2452 2453
2305 1 2452 2454
2306 4 2451 2452
2307 5 1751 1753
2308 7 1751 1754
2309 3 1751 1757
2310 4 2465 2466
2311 5 2460 2462
2312 7 2460 2463
2313 3 2460 2466
2314 4 2486 2487
2315 8 1747 1748
2316 5 1744 1746
2317 7 1744 1747
2318 3 1744 1750
2319 3 2466 2467
2320 1 2466 2468
2321 8 1754 1755
2322 5 2453 2455
2323 7 2453 2456
2324 3 2453 2459
2325 4 2458 2459
2326 3 2459 2460
2327 1 2459 2461
2328 3 1743 1744
2329 1 1743 1745
2330 5 1737 1739
2331 7 1737 1740
2332 3 1737 1743
2333 8 1740 1741
2334 4 1742 1743
2335 4 2479 2480
2336 5 1336 1338
2337 7 1336 1339
2338 3 1336 1342
2339 3 1335 1336
2340 1 1335 1337
2341 8 1339 1340
2342 13 3100 3101
2343 14 3100 3102
2344 14 3100 3103
2345 10 3099 3100
2347 11 3099 3111
2348 8 1332 1333
2349 13 3101 3104
2350 14 3101 3105
2351 14 3101 3106
2352 5 1329 1331
2353 7 1329 1332
2354 3 1329 1335
2355 3 1328 1329
2356 1 1328 1330
2357 10 3104 3107
2358 14 3104 3108
2359 14 3104 3109
2360 4 1327 1328
2361 4 1341 1342
2363 5 1322 1324
2364 7 1322 1325
2365 3 1322 1328
2367 4 1427 1428
2368 4 1434 1435
2369 3 1435 1436
2370 1 1435 1437
2371 10 3009 3010
2373 11 3009 3021
2374 3 1428 1429
2375 1 1428 1430
2376 5 1429 1431
2377 7 1429 1432
2378 3 1429 1435
2379 13 3010 3011
2380 14 3010 3012
2381 14 3010 3013
2382 8 1432 1433
2383 8 546 547
2384 3 528 529
2385 1 528 530
2386 5 1436 1438
2387 7 1436 1439
2388 3 1436 1442
2389 8 2519 2520
2390 5 522 524
2391 7 522 525
2392 3 522 528
2393 8 525 526
2394 4 527 528
2395 4 2514 2515
2396 12 3092 3097
2397 11 3092 3098
2398 10 3089 3092
2399 14 3089 3093
2400 14 3089 3094
2401 8 2498 2499
2402 5 2495 2497
2403 7 2495 2498
2404 3 2495 2501
2405 3 2501 2502
2406 1 2501 2503
2407 4 2500 2501
2408 8 1157 1158
2409 4 1152 1153
2410 3 1153 1154
2411 1 1153 1155
2412 4 1145 1146
2413 8 1150 1151
2414 4 2493 2494
2415 3 2494 2495
2416 1 2494 2496
2417 9 2811 2812
2418 5 2488 2490
2419 7 2488 2491
2420 3 2488 2494
2422 8 2484 2485
2423 10 2859 2860
2425 11 2859 2871
2426 8 2120 2121
2427 3 2130 2131
2428 1 2130 2132
2429 5 2467 2469
2430 7 2467 2470
2431 3 2467 2473
2432 3 2473 2474
2433 1 2473 2475
2434 3 2480 2481
2435 1 2480 2482
2436 4 2472 2473
2437 3 2487 2488
2438 1 2487 2489
2439 8 2470 2471
2440 5 2124 2126
2441 7 2124 2127
2442 3 2124 2130
2443 3 2123 2124
2444 1 2123 2125
2445 5 2474 2476
2446 7 2474 2477
2447 3 2474 2480
2448 13 2860 2861
2449 14 2860 2862
2450 14 2860 2863
2452 5 2481 2483
2453 7 2481 2484
2454 3 2481 2487
2455 3 1223 1224
2456 1 1223 1225
2457 5 1231 1233
2458 7 1231 1234
2459 3 1231 1237
2460 5 1238 1240
2461 7 1238 1241
2462 3 1238 1244
2463 3 2 3
2464 1 2 4
2465 2 2 5
2466 3 1237 1238
2467 1 1237 1239
2468 8 567 568
2469 5 3 6
2470 7 3 7
2471 3 3 10
2472 4 1236 1237
2473 4 1 2
2474 3 10 11
2475 1 10 12
2476 4 9 10
2477 8 1642 1643
2478 4 1222 1223
2479 4 1215 1216
2480 8 926 927
2481 8 1248 1249
2482 4 562 563
2483 5 564 566
2484 7 564 567
2485 3 564 570
2486 5 1245 1247
2487 7 1245 1248
2488 3 1245 1251
2489 3 563 564
2490 1 563 565
2491 8 560 561
2492 5 557 559
2493 7 557 560
2494 3 557 563
2495 5 550 552
2496 7 550 553
2497 3 550 556
2498 8 553 554
2499 3 556 557
2500 1 556 558
2501 4 555 556
2502 8 1262 1263
2503 5 543 545
2504 7 543 546
2505 3 543 549
2506 3 549 550
2507 1 549 551
2508 5 1259 1261
2509 7 1259 1262
2510 3 1259 1265
2511 3 542 543
2512 1 542 544
2513 4 541 542
2514 4 548 549
2515 5 923 925
2516 7 923 926
2517 3 923 929
2518 4 928 929
2519 8 933 934
2520 3 936 937
2521 1 936 938
2522 3 929 930
2523 1 929 931
2524 5 930 932
2525 7 930 933
2526 3 930 936
2527 5 937 939
2528 7 937 940
2529 3 937 943
2530 4 935 936
2531 3 943 944
2532 1 943 945
2533 8 940 941
2534 8 1178 1179
2535 8 1164 1165
2536 5 1168 1170
2537 7 1168 1171
2538 3 1168 1174
2539 3 1167 1168
2540 1 1167 1169
2541 5 1175 1177
2542 7 1175 1178
2543 3 1175 1181
2544 4 1173 1174
2545 3 1174 1175
2546 1 1174 1176
2547 4 942 943
2548 4 1812 1813
2549 8 1171 1172
2550 5 1161 1163
2551 7 1161 1164
2552 3 1161 1167
2553 3 964 965
2554 1 964 966
2555 5 958 960
2556 7 958 961
2557 3 958 964
2558 5 965 967
2559 7 965 968
2560 3 965 971
2561 8 968 969
2562 3 971 972
2563 1 971 973
2564 4 963 964
2565 4 970 971
2566 5 951 953
2567 7 951 954
2568 3 951 957
2569 3 957 958
2570 1 957 959
2571 8 961 962
2573 8 1537 1538
2574 4 2339 2340
2575 9 2823 2824
2576 4 16 17
2577 8 2337 2338
2578 5 2341 2343
2579 7 2341 2344
2580 3 2341 2347
2581 3 2347 2348
2582 1 2347 2349
2583 4 2346 2347
2584 8 2351 2352
2585 5 2348 2350
2586 7 2348 2351
2587 3 2348 2354
2588 4 2353 2354
2589 3 2354 2355
2590 1 2354 2356
2591 8 2344 2345
2592 4 1623 1624
2593 3 1244 1245
2594 1 1244 1246
2595 10 3039 3040
2596 17 3039 3050
2597 11 3039 3051
2598 4 1243 1244
2599 5 1632 1634
2600 7 1632 1635
2601 3 1632 1638
2602 8 2365 2366
2603 4 2360 2361
2604 4 2367 2368
2605 5 2362 2364
2606 7 2362 2365
2607 3 2362 2368
2608 3 2361 2362
2609 1 2361 2363
2610 4 1574 1575
2611 3 1631 1632
2612 1 1631 1633
2613 3 2368 2369
2614 1 2368 2370
2615 8 1635 1636
2616 5 1625 1627
2617 7 1625 1628
2618 3 1625 1631
2619 3 1624 1625
2620 1 1624 1626
2621 5 2369 2371
2622 7 2369 2372
2623 3 2369 2375
2624 8 2358 2359
2625 3 1575 1576
2626 1 1575 1577
2627 8 1579 1580
2628 5 902 904
2629 7 902 905
2630 3 902 908
2631 3 908 909
2632 1 908 910
2633 8 905 906
2634 4 907 908
2635 8 1488 1489
2636 4 1250 1251
2637 3 1251 1252
2638 1 1251 1253
2639 8 1255 1256
2640 3 901 902
2641 1 901 903
2642 5 1252 1254
2643 7 1252 1255
2644 3 1252 1258
2645 3 1265 1266
2646 1 1265 1267
2647 4 1264 1265
2648 3 1258 1259
2649 1 1258 1260
2650 4 1257 1258
2651 4 900 901
2652 4 1483 1484
2653 3 1484 1485
2654 1 1484 1486
2655 4 893 894
2656 5 1485 1487
2657 7 1485 1488
2658 3 1485 1491
2659 5 1618 1620
2660 7 1618 1621
2661 3 1618 1624
2662 4 1490 1491
2663 4 429 430
2664 3 430 431
2665 1 430 432
2666 8 1495 1496
2667 3 1491 1492
2668 1 1491 1493
2669 5 1492 1494
2670 7 1492 1495
2671 3 1492 1498
2672 3 1498 1499
2673 1 1498 1500
2674 4 1497 1498
2675 4 1504 1505
2676 8 947 948
2677 3 437 438
2678 1 437 439
2679 5 431 433
2680 7 431 434
2681 3 431 437
2682 4 436 437
2683 3 1526 1527
2684 1 1526 1528
2685 5 1520 1522
2686 7 1520 1523
2687 3 1520 1526
2688 5 944 946
2689 7 944 947
2690 3 944 950
2691 4 450 451
2692 3 451 452
2693 1 451 453
2694 4 1511 1512
2695 5 438 440
2696 7 438 441
2697 3 438 444
2698 3 950 951
2699 1 950 952
2700 4 949 950
2701 8 954 955
2702 8 1523 1524
2703 4 956 957
2704 4 443 444
2705 3 444 445
2706 1 444 446
2707 5 445 447
2708 7 445 448
2709 3 445 451
2710 8 448 449
2711 5 1527 1529
2712 7 1527 1530
2713 3 1527 1533
2714 8 1530 1531
2715 4 1525 1526
2716 3 1533 1534
2717 1 1533 1535
2718 10 2984 2987
2719 14 2984 2988
2720 14 2984 2989
2721 17 2987 2992
2722 11 2987 2993
2723 4 1532 1533
2724 8 336 337
2725 5 2355 2357
2726 7 2355 2358
2727 3 2355 2361
2729 4 331 332
2730 5 333 335
2731 7 333 336
2732 3 333 339
2733 5 1576 1578
2734 7 1576 1579
2735 3 1576 1582
2736 5 1583 1585
2737 7 1583 1586
2738 3 1583 1589
2739 5 1590 1592
2740 7 1590 1593
2741 3 1590 1596
2742 3 1582 1583
2743 1 1582 1584
2744 3 1589 1590
2745 1 1589 1591
2746 8 1586 1587
2747 4 1581 1582
2748 4 1588 1589
2749 3 1596 1597
2750 1 1596 1598
2751 4 1602 1603
2752 5 1597 1599
2753 7 1597 1600
2754 3 1597 1603
2755 4 1595 1596
2756 8 891 892
2757 3 1603 1604
2758 1 1603 1605
2759 8 1593 1594
2760 4 1383 1384
2761 3 1377 1378
2762 1 1377 1379
2763 5 1378 1380
2764 7 1378 1381
2765 3 1378 1384
2766 4 1376 1377
2767 8 1614 1615
2768 5 1611 1613
2769 7 1611 1614
2770 3 1611 1617
2771 5 895 897
2772 7 895 898
2773 3 895 901
2774 3 894 895
2775 1 894 896
2776 5 1604 1606
2777 7 1604 1607
2778 3 1604 1610
2779 3 1610 1611
2780 1 1610 1612
2781 3 1617 1618
2782 1 1617 1619
2783 4 1616 1617
2784 8 1481 1482
2785 5 888 890
2786 7 888 891
2787 3 888 894
2788 4 1609 1610
2789 8 1381 1382
2790 5 1478 1480
2791 7 1478 1481
2792 3 1478 1484
2793 8 1600 1601
2794 4 1462 1463
2795 8 434 435
2796 4 1469 1470
2797 13 3071 3074
2798 14 3071 3075
2799 14 3071 3076
2800 4 1476 1477
2801 8 1474 1475
2802 5 1464 1466
2803 7 1464 1467
2804 3 1464 1470
2805 3 1470 1471
2806 1 1470 1472
2807 5 1471 1473
2808 7 1471 1474
2809 3 1471 1477
2810 3 1477 1478
2811 1 1477 1479
2812 10 3074 3077
2813 14 3074 3078
2814 14 3074 3079
2815 3 1463 1464
2816 1 1463 1465
2817 17 3077 3082
2818 11 3077 3083
2819 5 354 356
2820 7 354 357
2821 3 354 360
2822 8 441 442
2823 4 359 360
2824 3 360 361
2825 1 360 362
2826 8 364 365
2827 4 366 367
2828 5 361 363
2829 7 361 364
2830 3 361 367
2831 3 367 368
2832 1 367 369
2834 5 368 370
2835 7 368 371
2836 3 368 374
2837 4 1728 1729
2839 3 332 333
2840 1 332 334
2841 4 317 318
2842 4 324 325
2843 5 326 328
2844 7 326 329
2845 3 326 332
2846 3 325 326
2847 1 325 327
2848 5 319 321
2849 7 319 322
2850 3 319 325
2851 3 318 319
2852 1 318 320
2853 8 322 323
2854 5 312 314
2855 7 312 315
2856 3 312 318
2857 8 315 316
2858 8 1733 1734
2859 10 2904 2905
2860 12 2904 2915
2861 11 2904 2916
2863 11 2852 2858
2864 13 2905 2906
2865 14 2905 2907
2866 14 2905 2908
2867 13 2906 2909
2868 14 2906 2910
2869 14 2906 2911
2870 10 2909 2912
2871 14 2909 2913
2872 14 2909 2914
2873 5 95 97
2874 7 95 98
2875 3 95 101
2876 5 1371 1373
2877 7 1371 1374
2878 3 1371 1377
2880 3 1349 1350
2881 1 1349 1351
2882 4 1348 1349
2883 4 1369 1370
2884 3 1370 1371
2885 1 1370 1372
2886 4 1355 1356
2887 8 1360 1361
2888 5 1357 1359
2889 7 1357 1360
2890 3 1357 1363
2891 4 1362 1363
2892 3 1363 1364
2893 1 1363 1365
2894 3 1356 1357
2895 1 1356 1358
2896 5 1364 1366
2897 7 1364 1367
2898 3 1364 1370
2900 4 1448 1449
2901 8 1374 1375
2902 3 1449 1450
2903 1 1449 1451
2904 5 1450 1452
2905 7 1450 1453
2906 3 1450 1456
2907 8 1460 1461
2908 5 1457 1459
2909 7 1457 1460
2910 3 1457 1463
2911 5 88 90
2912 7 88 91
2913 3 88 94
2914 4 1455 1456
2915 3 1456 1457
2916 1 1456 1458
2917 8 84 85
2918 5 74 76
2919 7 74 77
2920 3 74 80
2921 5 81 83
2922 7 81 84
2923 3 81 87
2924 3 80 81
2925 1 80 82
2926 10 2994 2995
2927 17 2994 3005
2928 11 2994 3006
2929 4 72 73
2930 3 87 88
2931 1 87 89
2932 4 79 80
2933 4 86 87
2934 3 73 74
2935 1 73 75
2936 8 56 57
2937 12 2942 2947
2938 11 2942 2948
2939 8 63 64
2940 4 65 66
2941 5 67 69
2942 7 67 70
2943 3 67 73
2944 3 66 67
2945 1 66 68
2946 3 59 60
2947 1 59 61
2948 5 53 55
2949 7 53 56
2950 3 53 59
2951 5 60 62
2952 7 60 63
2953 3 60 66
2954 4 58 59
2955 3 52 53
2956 1 52 54
2957 5 46 48
2958 7 46 49
2959 3 46 52
2960 8 49 50
2961 4 51 52
2962 8 42 43
2963 5 1730 1732
2964 7 1730 1733
2965 3 1730 1736
2966 3 45 46
2967 1 45 47
2968 3 1736 1737
2969 1 1736 1738
2970 4 303 304
2971 4 1735 1736
2972 4 310 311
2973 3 311 312
2974 1 311 313
2975 12 2912 2917
2976 11 2912 2918
2977 5 305 307
2978 7 305 308
2979 3 305 311
2980 8 308 309
2981 4 44 45
2982 5 39 41
2983 7 39 42
2984 3 39 45
2985 4 37 38
2986 3 38 39
2987 1 38 40
2990 11 3107 3113
2992 11 3122 3128
2993 10 3119 3122
2994 14 3119 3123
2995 14 3119 3124
2996 5 1210 1212
2997 7 1210 1213
2998 3 1210 1216
3000 3 1216 1217
3001 1 1216 1218
3002 8 1213 1214
3003 13 3116 3119
3004 14 3116 3120
3005 14 3116 3121
3006 10 3114 3115
3007 17 3114 3125
3008 11 3114 3126
3009 13 3115 3116
3010 14 3115 3117
3011 14 3115 3118
3012 3 94 95
3013 1 94 96
3014 4 100 101
3015 3 1209 1210
3016 1 1209 1211
3017 5 1203 1205
3018 7 1203 1206
3019 3 1203 1209
3020 4 93 94
3022 13 3011 3014
3023 14 3011 3015
3024 14 3011 3016
3025 4 1208 1209
3026 10 3014 3017
3027 14 3014 3018
3028 14 3014 3019
3029 17 3017 3022
3030 11 3017 3023
3031 4 1187 1188
3032 13 3086 3089
3033 14 3086 3090
3034 14 3086 3091
3035 8 1185 1186
3036 3 1188 1189
3037 1 1188 1190
3038 5 1182 1184
3039 7 1182 1185
3040 3 1182 1188
3041 10 3084 3085
3042 17 3084 3095
3043 11 3084 3096
3044 4 1180 1181
3045 3 1181 1182
3046 1 1181 1183
3047 13 3085 3086
3048 14 3085 3087
3049 14 3085 3088
3050 3 1160 1161
3051 1 1160 1162
3052 4 1159 1160
3053 4 1166 1167
3054 5 972 974
3055 7 972 975
3056 3 972 978
3057 4 977 978
3058 8 989 990
3059 8 982 983
3060 4 984 985
3061 3 978 979
3062 1 978 980
3063 5 979 981
3064 7 979 982
3065 3 979 985
3066 5 986 988
3067 7 986 989
3068 3 986 992
3069 3 985 986
3070 1 985 987
3071 8 975 976
3072 5 11 13
3073 7 11 14
3074 3 11 17
3075 3 17 18
3076 1 17 19
3077 4 23 24
3078 8 21 22
3079 5 18 20
3080 7 18 21
3081 3 18 24
3082 3 24 25
3083 1 24 26
3084 8 28 29
3086 5 32 34
3087 7 32 35
3088 3 32 38
3089 3 31 32
3090 1 31 33
3091 4 30 31
3092 5 25 27
3093 7 25 28
3094 3 25 31
3095 15 2837 772
3096 16 773 2842
3097 15 2979 2316
3098 16 2317 2990
3099 15 2927 1234
3101 15 2927 800
3102 15 3047 898
3103 16 899 3052
3104 15 3069 385
3106 15 3069 2736
3107 15 2844 2715
3108 16 2716 2855
3109 15 2949 1227
3111 15 2949 1038
3112 15 2874 112
3114 15 2874 758
3115 15 2897 2309
3116 16 2310 2902
3117 15 2829 730
3118 16 731 2840
3119 15 2957 35
3120 16 36 2962
3121 15 2972 2274
3122 16 2275 2977
3123 15 2964 469
3124 16 470 2975
3125 15 3032 399
3126 16 400 3037
3127 15 3062 2421
3128 16 2422 3067
3129 15 2882 2076
3131 15 2882 2055
3132 15 2867 1544
3134 15 2867 7
3135 15 3002 679
3136 16 680 3007
3137 15 3099 1656
3139 15 3099 1311
3140 15 3009 581
3142 15 3009 1325
3143 15 2859 1803
3145 15 2859 2491
3146 15 3039 2372
3147 16 2373 3050
3148 15 2987 329
3149 16 330 2992
3150 15 3077 371
3151 16 372 3082
3152 15 2852 147
3154 15 2852 884
3155 15 2994 2582
3156 16 2583 3005
3157 15 3107 2477
3159 15 3107 14
3160 15 3122 105
3162 15 3122 1367
3163 15 3114 1220
3164 16 1221 3125
3165 15 3017 1206
3166 16 1207 3022
3167 15 3084 91
3168 16 92 3095
