1 5 748 750
2 7 748 751
3 3 748 754
4 3 754 755
5 1 754 756
6 11 751 752
7 5 39 41
8 7 39 42
9 3 39 45
10 11 35 36
11 5 32 34
12 7 32 35
13 3 32 38
14 4 753 754
15 11 898 899
16 3 747 748
17 1 747 749
18 5 741 743
19 7 741 744
20 3 741 747
21 11 56 57
22 3 52 53
23 1 52 54
24 4 746 747
25 3 740 741
26 1 740 742
27 3 38 39
28 1 38 40
30 4 37 38
31 5 53 55
32 7 53 56
33 3 53 59
34 11 2113 2114
35 11 1460 1461
36 5 2109 2112
37 7 2109 2113
38 3 2109 2116
39 4 900 901
41 5 1133 1135
42 7 1133 1136
43 3 1133 1139
44 11 161 162
46 11 912 913
47 5 151 153
48 7 151 154
49 3 151 157
50 3 59 60
51 1 59 61
52 4 58 59
53 5 1140 1142
54 7 1140 1143
55 3 1140 1146
56 4 1138 1139
57 3 1139 1140
58 1 1139 1141
59 4 1131 1132
61 15 2877 2883
62 3 1132 1133
63 1 1132 1134
64 3 901 902
65 1 901 903
66 4 1124 1125
67 11 1143 1144
68 14 2874 2877
69 18 2874 2878
70 18 2874 2879
71 5 137 139
72 7 137 140
73 3 137 143
74 11 140 141
75 11 105 106
76 5 102 104
77 7 102 105
78 3 102 108
79 3 143 144
80 1 143 145
81 5 144 146
82 7 144 147
83 3 144 150
84 5 123 125
85 7 123 126
86 3 123 129
87 3 108 109
88 1 108 110
89 4 107 108
90 3 115 116
91 1 115 117
92 4 114 115
93 11 147 148
94 4 1145 1146
95 3 1146 1147
96 1 1146 1148
97 3 122 123
98 1 122 124
99 5 109 111
100 7 109 112
101 3 109 115
102 4 121 122
103 5 116 118
104 7 116 119
105 3 116 122
107 17 2901 2904
108 18 2901 2905
109 18 2901 2906
110 17 2900 2901
111 18 2900 2902
112 18 2900 2903
114 14 2899 2900
116 15 2899 2911
117 4 2185 2186
118 11 126 127
119 3 31 32
120 1 31 33
121 4 30 31
122 11 730 731
123 11 737 738
124 5 734 736
125 7 734 737
126 3 734 740
127 3 733 734
128 1 733 735
129 3 2 3
130 1 2 4
131 2 2 5
132 3 10 11
133 1 10 12
134 5 727 729
135 7 727 730
136 3 727 733
137 11 723 724
138 4 9 10
139 4 732 733
140 4 725 726
141 3 726 727
142 1 726 728
143 5 720 722
144 7 720 723
145 3 720 726
146 4 1 2
148 5 755 757
149 7 755 758
150 3 755 761
151 3 761 762
152 1 761 763
153 4 760 761
154 5 762 764
155 7 762 765
156 3 762 768
157 3 768 769
158 1 768 770
159 5 769 771
160 7 769 772
161 3 769 775
162 4 767 768
163 11 765 766
164 5 2124 2126
165 7 2124 2127
166 3 2124 2130
167 4 177 178
168 13 3271 3276
169 12 3271 3453
170 9 3237 3491
171 13 3237 3271
172 11 2127 2128
174 4 170 171
175 3 178 179
176 1 178 180
178 4 2115 2116
179 3 2116 2117
180 1 2116 2118
181 5 158 160
182 7 158 161
183 3 158 164
184 4 156 157
185 5 172 174
186 7 172 175
187 3 172 178
188 4 163 164
189 3 2130 2131
190 1 2130 2132
191 3 171 172
192 1 171 173
193 3 157 158
194 1 157 159
195 3 164 165
196 1 164 166
197 5 165 167
198 7 165 168
199 3 165 171
201 5 2145 2147
202 7 2145 2148
203 3 2145 2151
204 3 2137 2138
205 1 2137 2139
206 4 2143 2144
207 3 2144 2145
208 1 2144 2146
210 5 2138 2140
211 7 2138 2141
212 3 2138 2144
213 5 2131 2133
214 7 2131 2134
215 3 2131 2137
216 4 2136 2137
217 3 2151 2152
218 1 2151 2153
219 4 149 150
220 3 150 151
221 1 150 152
222 5 2152 2154
223 7 2152 2155
224 3 2152 2158
225 4 2157 2158
226 3 2158 2159
227 1 2158 2160
228 11 2169 2170
229 5 2166 2168
230 7 2166 2169
231 3 2166 2172
232 3 2172 2173
233 1 2172 2174
234 4 2171 2172
235 3 2093 2094
236 1 2093 2095
237 4 2092 2093
238 11 2097 2098
239 4 2178 2179
240 4 2164 2165
241 11 2090 2091
242 5 2094 2096
243 7 2094 2097
244 3 2094 2100
245 5 2087 2089
246 7 2087 2090
247 3 2087 2093
248 5 2159 2161
249 7 2159 2162
250 3 2159 2165
251 4 2085 2086
252 3 2165 2166
253 1 2165 2167
254 3 2086 2087
255 1 2086 2088
256 5 2173 2175
257 7 2173 2176
258 3 2173 2179
259 3 2179 2180
260 1 2179 2181
261 11 2316 2317
262 11 2183 2184
263 4 2192 2193
264 3 2193 2194
265 1 2193 2195
266 5 2194 2196
267 7 2194 2197
268 3 2194 2200
269 5 2180 2182
270 7 2180 2183
271 3 2180 2186
272 3 2186 2187
273 1 2186 2188
274 11 2190 2191
275 5 2187 2189
276 7 2187 2190
277 3 2187 2193
278 13 3325 3333
279 9 3265 3495
280 13 3265 3429
281 13 3295 3325
282 9 3295 3500
283 11 2323 2324
285 5 2320 2322
286 7 2320 2323
287 3 2320 2326
288 3 2319 2320
289 1 2319 2321
290 5 2327 2329
291 7 2327 2330
292 3 2327 2333
293 3 2326 2327
294 1 2326 2328
295 11 2176 2177
297 4 2325 2326
298 5 3 6
299 7 3 7
300 3 3 10
301 11 7 8
302 9 3174 3480
303 13 3174 3198
304 13 3177 3198
305 9 3177 3481
306 13 3292 3325
307 9 3289 3499
308 13 3286 3292
309 12 3286 3452
310 13 3286 3289
311 10 3274 3497
312 13 3274 3283
313 13 3274 3276
314 13 3283 3286
315 8 3452 3522
316 13 3150 3274
317 13 3198 3206
318 8 3453 3523
319 5 1996 1998
320 7 1996 1999
321 3 1996 2002
322 3 2002 2003
323 1 2002 2004
324 5 2003 2005
325 7 2003 2006
326 3 2003 2009
327 3 1995 1996
328 1 1995 1997
329 4 2001 2002
330 3 2009 2010
331 1 2009 2011
332 4 2008 2009
333 8 3454 3524
334 11 1999 2000
335 5 1989 1991
336 7 1989 1992
337 3 1989 1995
338 4 1994 1995
339 11 182 183
340 5 1982 1984
341 7 1982 1985
342 3 1982 1988
343 11 2006 2007
344 9 3231 3489
345 4 2150 2151
346 11 2134 2135
347 3 1589 1590
348 1 1589 1591
349 4 1588 1589
350 5 1590 1592
351 7 1590 1593
352 3 1590 1596
353 11 1593 1594
354 5 1583 1585
355 7 1583 1586
356 3 1583 1589
357 3 1582 1583
358 1 1582 1584
359 11 1586 1587
360 4 1581 1582
361 3 1596 1597
362 1 1596 1598
363 4 1595 1596
364 5 1576 1578
365 7 1576 1579
366 3 1576 1582
367 11 1579 1580
368 4 191 192
369 3 192 193
370 1 192 194
371 4 198 199
372 11 2155 2156
373 5 1597 1599
374 7 1597 1600
375 3 1597 1603
376 11 1600 1601
377 3 1631 1632
378 1 1631 1633
379 3 1624 1625
380 1 1624 1626
381 5 1632 1634
382 7 1632 1635
383 3 1632 1638
384 5 1625 1627
385 7 1625 1628
386 3 1625 1631
387 4 1623 1624
388 4 1630 1631
389 11 2083 2084
390 11 1635 1636
391 3 1603 1604
392 1 1603 1605
393 4 1602 1603
394 4 2078 2079
395 5 2080 2082
396 7 2080 2083
397 3 2080 2086
398 11 1628 1629
399 5 1618 1620
400 7 1618 1621
401 3 1618 1624
402 4 1616 1617
403 3 1617 1618
404 1 1617 1619
406 8 3451 3521
407 13 3413 3421
408 12 3413 3451
409 13 3421 3425
410 13 3392 3443
411 13 3392 3413
412 13 3386 3413
413 9 3386 3512
414 12 3443 3589
415 12 3443 3590
416 11 2533 2534
417 5 2523 2525
418 7 2523 2526
419 3 2523 2529
420 4 2528 2529
421 8 3589 3592
422 13 3300 3416
423 13 3300 3325
424 13 3247 3271
425 9 3379 3511
426 9 3374 3510
427 13 3245 3252
428 13 3245 3254
429 13 3245 3247
430 13 3245 3249
431 9 3251 3494
432 13 3251 3372
433 13 3249 3372
434 13 3372 3379
435 13 3372 3374
436 13 3124 3382
437 9 3119 3467
438 11 2351 2352
439 13 3117 3122
440 13 3117 3119
441 13 3117 3124
442 12 3117 3591
444 11 2337 2338
445 5 2334 2336
446 7 2334 2337
447 3 2334 2340
448 4 2353 2354
449 5 2010 2012
450 7 2010 2013
451 3 2010 2016
452 11 2013 2014
453 3 1554 1555
454 1 1554 1556
455 4 1553 1554
456 5 1555 1557
457 7 1555 1558
458 3 1555 1561
460 4 1560 1561
461 3 1561 1562
462 1 1561 1563
463 5 1562 1564
464 7 1562 1565
465 3 1562 1568
466 5 1548 1550
467 7 1548 1551
468 3 1548 1554
470 11 1565 1566
471 11 1978 1979
472 3 1547 1548
473 1 1547 1549
474 11 1971 1972
475 5 1975 1977
476 7 1975 1978
477 3 1975 1981
478 4 1546 1547
479 3 1568 1569
480 1 1568 1570
481 4 1567 1568
483 15 2952 2958
484 17 2946 2949
485 18 2946 2950
486 18 2946 2951
487 3 1575 1576
488 1 1575 1577
489 4 1574 1575
490 14 2944 2945
492 15 2944 2956
493 14 2949 2952
494 18 2949 2953
495 18 2949 2954
496 5 1569 1571
497 7 1569 1572
498 3 1569 1575
499 17 2945 2946
500 18 2945 2947
501 18 2945 2948
503 4 1180 1181
505 4 1609 1610
506 5 1604 1606
507 7 1604 1607
508 3 1604 1610
509 5 1611 1613
510 7 1611 1614
511 3 1611 1617
512 3 1610 1611
513 1 1610 1612
515 3 2494 2495
516 1 2494 2496
517 4 2493 2494
518 5 2495 2497
519 7 2495 2498
520 3 2495 2501
521 5 2502 2504
522 7 2502 2505
523 3 2502 2508
524 3 2501 2502
525 1 2501 2503
526 4 2500 2501
527 11 518 519
528 17 3065 3066
529 18 3065 3067
530 18 3065 3068
531 4 2521 2522
532 3 2522 2523
533 1 2522 2524
534 4 2514 2515
535 11 2519 2520
536 11 2512 2513
537 3 2515 2516
538 1 2515 2517
539 4 2374 2375
540 8 3590 3593
541 14 3069 3072
542 18 3069 3073
543 18 3069 3074
544 11 2365 2366
545 11 2379 2380
546 5 2516 2518
547 7 2516 2519
548 3 2516 2522
549 3 2375 2376
550 1 2375 2377
551 4 2381 2382
552 5 2376 2378
553 7 2376 2379
554 3 2376 2382
555 17 3066 3069
556 18 3066 3070
557 18 3066 3071
558 8 3591 3594
559 4 2367 2368
560 5 2369 2371
561 7 2369 2372
562 3 2369 2375
563 5 2362 2364
564 7 2362 2365
565 3 2362 2368
566 3 2368 2369
567 1 2368 2370
568 13 3122 3126
569 17 2990 2991
570 18 2990 2992
571 18 2990 2993
572 17 2991 2994
573 18 2991 2995
574 18 2991 2996
575 14 2989 2990
577 15 2989 3001
578 11 2358 2359
579 5 2355 2357
580 7 2355 2358
581 3 2355 2361
582 14 2994 2997
583 18 2994 2998
584 18 2994 2999
586 5 46 48
587 7 46 49
588 3 46 52
589 4 51 52
590 11 49 50
591 3 45 46
592 1 45 47
593 4 44 45
594 4 1476 1477
595 3 1477 1478
596 1 1477 1479
597 5 1485 1487
598 7 1485 1488
599 3 1485 1491
600 5 1464 1466
601 7 1464 1467
602 3 1464 1470
603 5 1471 1473
604 7 1471 1474
605 3 1471 1477
606 3 1463 1464
607 1 1463 1465
608 3 1484 1485
609 1 1484 1486
610 5 1478 1480
611 7 1478 1481
612 3 1478 1484
613 4 1483 1484
614 11 1467 1468
615 3 1470 1471
616 1 1470 1472
617 3 1491 1492
618 1 1491 1493
619 4 1469 1470
622 3 1505 1506
623 1 1505 1507
624 4 1504 1505
625 5 1492 1494
626 7 1492 1495
627 3 1492 1498
629 4 1490 1491
630 3 1125 1126
631 1 1125 1127
632 5 1499 1501
633 7 1499 1502
634 3 1499 1505
635 11 1495 1496
636 3 1498 1499
637 1 1498 1500
638 5 1126 1128
639 7 1126 1129
640 3 1126 1132
641 4 1497 1498
642 4 2472 2473
643 3 2473 2474
644 1 2473 2475
645 11 2470 2471
646 11 1129 1130
647 11 1164 1165
648 3 1167 1168
649 1 1167 1169
650 5 1161 1163
651 7 1161 1164
652 3 1161 1167
653 11 1178 1179
654 5 2474 2476
655 7 2474 2477
656 3 2474 2480
657 11 2491 2492
658 4 2479 2480
659 3 2480 2481
660 1 2480 2482
661 4 2486 2487
662 3 2487 2488
663 1 2487 2489
664 4 1166 1167
665 11 1150 1151
666 5 1147 1149
667 7 1147 1150
668 3 1147 1153
669 5 2488 2490
670 7 2488 2491
671 3 2488 2494
672 11 2498 2499
673 4 1152 1153
674 5 2481 2483
675 7 2481 2484
676 3 2481 2487
677 3 1153 1154
678 1 1153 1155
679 3 1160 1161
680 1 1160 1162
681 5 1154 1156
682 7 1154 1157
683 3 1154 1160
684 3 2403 2404
685 1 2403 2405
686 4 2402 2403
688 4 1159 1160
689 11 1157 1158
690 14 2904 2907
691 18 2904 2908
692 18 2904 2909
693 5 2397 2399
694 7 2397 2400
695 3 2397 2403
696 11 2400 2401
697 4 2395 2396
698 3 2396 2397
699 1 2396 2398
700 3 2382 2383
701 1 2382 2384
703 4 2388 2389
704 11 2393 2394
705 3 2389 2390
706 1 2389 2391
707 5 2383 2385
708 7 2383 2386
709 3 2383 2389
710 5 2390 2392
711 7 2390 2393
712 3 2390 2396
713 3 704 705
714 1 704 706
715 2 704 707
716 11 609 610
717 4 703 704
719 4 718 719
720 5 705 708
721 7 705 709
722 3 705 712
723 11 716 717
725 15 2997 3003
726 3 712 713
727 1 712 714
728 5 713 715
729 7 713 716
730 3 713 719
731 3 719 720
732 1 719 721
733 4 711 712
734 11 2659 2660
735 4 2661 2662
736 4 893 894
737 5 895 897
738 7 895 898
739 3 895 901
740 14 3049 3050
742 15 3049 3061
743 4 886 887
744 3 880 881
745 1 880 882
747 3 852 853
748 1 852 854
749 3 894 895
750 1 894 896
751 3 887 888
752 1 887 889
753 17 3050 3051
754 18 3050 3052
755 18 3050 3053
756 11 849 850
757 5 867 869
758 7 867 870
759 3 867 873
760 5 881 883
761 7 881 884
762 3 881 887
763 5 888 890
764 7 888 891
765 3 888 894
766 4 851 852
767 5 874 876
768 7 874 877
769 3 874 880
770 4 879 880
771 3 859 860
772 1 859 861
773 4 858 859
774 5 853 855
775 7 853 856
776 3 853 859
777 5 860 862
778 7 860 863
779 3 860 866
780 11 919 920
781 5 846 848
782 7 846 849
783 3 846 852
784 4 907 908
785 4 914 915
786 5 902 904
787 7 902 905
788 3 902 908
789 3 908 909
790 1 908 910
791 3 915 916
792 1 915 917
793 5 909 911
794 7 909 912
795 3 909 915
796 5 916 918
797 7 916 919
798 3 916 922
799 4 921 922
800 3 922 923
801 1 922 924
802 5 832 834
803 7 832 835
804 3 832 838
805 5 839 841
806 7 839 842
807 3 839 845
808 3 838 839
809 1 838 840
810 4 830 831
811 3 831 832
812 1 831 833
813 5 923 925
814 7 923 926
815 3 923 929
816 3 845 846
817 1 845 847
818 11 842 843
819 4 142 143
820 3 129 130
821 1 129 131
822 3 136 137
823 1 136 138
824 5 130 132
825 7 130 133
826 3 130 136
827 4 135 136
828 4 128 129
829 11 133 134
830 3 936 937
831 1 936 938
832 11 940 941
833 5 930 932
834 7 930 933
835 3 930 936
836 3 929 930
837 1 929 931
838 11 828 829
839 5 937 939
840 7 937 940
841 3 937 943
842 11 623 624
843 5 825 827
844 7 825 828
845 3 825 831
846 3 2802 2803
847 1 2802 2804
848 6 2803 2807
849 5 2803 2805
850 7 2803 2806
851 4 2199 2200
852 3 2200 2201
853 1 2200 2202
854 4 625 626
856 5 627 629
857 7 627 630
858 3 627 633
859 3 626 627
860 1 626 628
861 5 2201 2203
862 7 2201 2204
863 3 2201 2207
864 3 633 634
865 1 633 635
866 4 632 633
867 3 2207 2208
868 1 2207 2209
869 11 2204 2205
870 11 2211 2212
871 5 2208 2210
872 7 2208 2211
873 3 2208 2214
874 11 2799 2800
875 4 2206 2207
876 5 2796 2798
877 7 2796 2799
878 3 2796 2802
880 15 2922 2928
881 5 634 636
882 7 634 637
883 3 634 640
884 5 25 27
885 7 25 28
886 3 25 31
887 11 28 29
888 5 18 20
889 7 18 21
890 3 18 24
891 4 23 24
892 5 11 13
893 7 11 14
894 3 11 17
895 3 873 874
896 1 873 875
897 3 24 25
898 1 24 26
899 4 16 17
900 11 14 15
901 3 17 18
902 1 17 19
903 11 2218 2219
904 3 2214 2215
905 1 2214 2216
906 5 2215 2217
907 7 2215 2218
908 3 2215 2221
909 3 2221 2222
910 1 2221 2223
911 4 872 873
912 11 877 878
913 11 175 176
914 4 774 775
915 3 775 776
916 1 775 777
917 11 884 885
918 11 891 892
919 5 776 778
920 7 776 779
921 3 776 782
922 5 783 785
923 7 783 786
924 3 783 789
925 3 789 790
926 1 789 791
927 3 782 783
928 1 782 784
929 5 790 792
930 7 790 793
931 3 790 796
932 11 793 794
933 4 788 789
934 11 786 787
935 3 796 797
936 1 796 798
937 4 781 782
938 4 795 796
939 11 779 780
940 11 800 801
941 11 168 169
942 11 196 197
943 5 797 799
944 7 797 800
945 3 797 803
946 4 802 803
947 11 814 815
948 3 803 804
949 1 803 805
950 5 804 806
951 7 804 807
952 3 804 810
953 3 810 811
954 1 810 812
955 4 809 810
956 5 811 813
957 7 811 814
958 3 811 817
959 11 807 808
960 3 817 818
961 1 817 819
962 4 212 213
963 4 816 817
964 5 818 820
965 7 818 821
966 3 818 824
967 3 824 825
968 1 824 826
969 4 823 824
970 11 2162 2163
971 11 821 822
972 11 2302 2303
973 5 2299 2301
974 7 2299 2302
975 3 2299 2305
976 3 2298 2299
977 1 2298 2300
978 3 2305 2306
979 1 2305 2307
980 4 2297 2298
981 5 2292 2294
982 7 2292 2295
983 3 2292 2298
984 11 2806 2808
985 4 2304 2305
986 4 2801 2802
987 5 2313 2315
988 7 2313 2316
989 3 2313 2319
990 4 2318 2319
991 5 2306 2308
992 7 2306 2309
993 3 2306 2312
994 4 2794 2795
995 11 2792 2793
996 3 2795 2796
997 1 2795 2797
998 5 2789 2791
999 7 2789 2792
1000 3 2789 2795
1001 11 2785 2786
1002 3 2788 2789
1003 1 2788 2790
1004 4 2787 2788
1005 5 2782 2784
1006 7 2782 2785
1007 3 2782 2788
1008 3 2312 2313
1009 1 2312 2314
1010 11 2309 2310
1011 4 2780 2781
1012 3 2333 2334
1013 1 2333 2335
1015 15 3102 3108
1016 4 2213 2214
1017 4 2332 2333
1018 4 2220 2221
1019 14 3094 3095
1021 15 3094 3106
1022 14 3099 3102
1023 18 3099 3103
1024 18 3099 3104
1025 17 3096 3099
1026 18 3096 3100
1027 18 3096 3101
1028 17 3095 3096
1029 18 3095 3097
1030 18 3095 3098
1031 11 273 274
1032 4 261 262
1033 3 262 263
1034 1 262 264
1035 11 259 260
1036 11 1992 1993
1037 4 184 185
1038 3 185 186
1039 1 185 187
1040 5 179 181
1041 7 179 182
1042 3 179 185
1043 3 1988 1989
1044 1 1988 1990
1045 11 238 239
1046 11 245 246
1047 5 242 244
1048 7 242 245
1049 3 242 248
1050 3 241 242
1051 1 241 243
1052 4 240 241
1053 5 235 237
1054 7 235 238
1055 3 235 241
1056 3 234 235
1057 1 234 236
1058 4 233 234
1059 5 228 230
1060 7 228 231
1061 3 228 234
1062 11 231 232
1063 3 248 249
1064 1 248 250
1065 11 1402 1404
1066 4 1397 1398
1067 3 213 214
1068 1 213 215
1069 3 227 228
1070 1 227 229
1071 11 189 190
1072 5 186 188
1073 7 186 189
1074 3 186 192
1075 5 193 195
1076 7 193 196
1077 3 193 199
1078 3 199 200
1079 1 199 201
1080 5 529 531
1081 7 529 532
1082 3 529 535
1083 11 532 533
1084 4 527 528
1085 3 528 529
1086 1 528 530
1087 5 200 202
1088 7 200 203
1089 3 200 206
1090 11 525 526
1091 5 221 223
1092 7 221 224
1093 3 221 227
1094 5 214 216
1095 7 214 217
1096 3 214 220
1097 3 220 221
1098 1 220 222
1099 11 539 540
1100 11 203 204
1101 3 206 207
1102 1 206 208
1103 11 224 225
1104 11 217 218
1105 3 1638 1639
1106 1 1638 1640
1107 4 1637 1638
1108 5 207 209
1109 7 207 210
1110 3 207 213
1111 11 336 337
1112 5 1639 1641
1113 7 1639 1642
1114 3 1639 1645
1115 11 1642 1643
1116 4 205 206
1117 11 210 211
1118 4 1644 1645
1119 3 1645 1646
1120 1 1645 1647
1121 5 1646 1648
1122 7 1646 1649
1123 3 1646 1652
1124 11 1649 1650
1125 3 1652 1653
1126 1 1652 1654
1127 11 2295 2296
1128 11 2547 2548
1129 4 2311 2312
1130 4 2535 2536
1131 3 2529 2530
1132 1 2529 2531
1133 3 2536 2537
1134 1 2536 2538
1135 5 2530 2532
1136 7 2530 2533
1137 3 2530 2536
1138 5 2537 2539
1139 7 2537 2540
1140 3 2537 2543
1141 11 2540 2541
1142 3 2543 2544
1143 1 2543 2545
1144 4 2542 2543
1145 11 2771 2772
1146 5 2544 2546
1147 7 2544 2547
1148 3 2544 2550
1149 3 2753 2754
1150 1 2753 2755
1151 11 2750 2751
1152 5 2348 2350
1153 7 2348 2351
1154 3 2348 2354
1155 4 1987 1988
1156 11 2344 2345
1157 4 247 248
1158 4 2346 2347
1159 3 2340 2341
1160 1 2340 2342
1161 4 2339 2340
1162 5 256 258
1163 7 256 259
1164 3 256 262
1165 11 252 253
1166 5 249 251
1167 7 249 252
1168 3 249 255
1169 5 2341 2343
1170 7 2341 2344
1171 3 2341 2347
1172 3 2347 2348
1173 1 2347 2349
1174 3 255 256
1175 1 255 257
1176 4 254 255
1177 11 2631 2632
1178 5 2628 2630
1179 7 2628 2631
1180 3 2628 2634
1181 3 2354 2355
1182 1 2354 2356
1183 6 1399 1403
1184 5 1399 1401
1185 7 1399 1402
1186 3 1398 1399
1187 1 1398 1400
1188 11 1388 1389
1189 3 1981 1982
1190 1 1981 1983
1191 5 1392 1394
1192 7 1392 1395
1193 3 1392 1398
1194 5 1968 1970
1195 7 1968 1971
1196 3 1968 1974
1197 4 1390 1391
1198 3 1391 1392
1199 1 1391 1393
1200 5 1961 1963
1201 7 1961 1964
1202 3 1961 1967
1203 11 1964 1965
1204 3 1967 1968
1205 1 1967 1969
1206 11 1395 1396
1207 3 1974 1975
1208 1 1974 1976
1209 5 1385 1387
1210 7 1385 1388
1211 3 1385 1391
1212 4 1966 1967
1213 5 1954 1956
1214 7 1954 1957
1215 3 1954 1960
1216 11 1957 1958
1217 5 522 524
1218 7 522 525
1219 3 522 528
1220 3 535 536
1221 1 535 537
1222 5 536 538
1223 7 536 539
1224 3 536 542
1225 4 1194 1195
1226 4 520 521
1227 4 1173 1174
1228 3 1174 1175
1229 1 1174 1176
1230 4 534 535
1231 4 1187 1188
1232 3 1188 1189
1233 1 1188 1190
1234 11 1185 1186
1235 3 542 543
1236 1 542 544
1237 5 1182 1184
1238 7 1182 1185
1239 3 1182 1188
1240 4 541 542
1241 3 1181 1182
1242 1 1181 1183
1243 3 521 522
1244 1 521 523
1245 4 513 514
1246 3 514 515
1247 1 514 516
1248 11 574 575
1249 11 2505 2506
1250 4 1651 1652
1251 5 1653 1655
1252 7 1653 1656
1253 3 1653 1659
1254 5 515 517
1255 7 515 518
1256 3 515 521
1257 11 1656 1657
1258 4 506 507
1259 4 1658 1659
1260 3 1659 1660
1261 1 1659 1661
1262 3 507 508
1263 1 507 509
1264 11 511 512
1265 5 508 510
1266 7 508 511
1267 3 508 514
1268 5 1660 1662
1269 7 1660 1663
1270 3 1660 1666
1271 3 1666 1667
1272 1 1666 1668
1273 5 501 503
1274 7 501 504
1275 3 501 507
1276 5 1667 1669
1277 7 1667 1670
1278 3 1667 1673
1279 11 504 505
1280 11 1670 1671
1281 3 2508 2509
1282 1 2508 2510
1283 4 2507 2508
1284 11 1171 1172
1285 3 1673 1674
1286 1 1673 1675
1287 5 2509 2511
1288 7 2509 2512
1289 3 2509 2515
1290 11 1663 1664
1291 11 2526 2527
1292 5 2747 2749
1293 7 2747 2750
1294 3 2747 2753
1295 3 2739 2740
1296 1 2739 2741
1297 5 2740 2742
1298 7 2740 2743
1299 3 2740 2746
1300 3 2746 2747
1301 1 2746 2748
1302 11 2743 2744
1303 4 2738 2739
1304 11 2736 2737
1305 5 2733 2735
1306 7 2733 2736
1307 3 2733 2739
1308 4 2745 2746
1309 3 2732 2733
1310 1 2732 2734
1311 4 2360 2361
1312 3 2361 2362
1313 1 2361 2363
1314 4 1980 1981
1315 4 2752 2753
1316 4 1973 1974
1317 4 2647 2648
1318 4 2633 2634
1319 5 2635 2637
1320 7 2635 2638
1321 3 2635 2641
1322 4 2640 2641
1323 3 2641 2642
1324 1 2641 2643
1325 5 2642 2644
1326 7 2642 2645
1327 3 2642 2648
1328 3 2648 2649
1329 1 2648 2650
1330 3 2634 2635
1331 1 2634 2636
1332 11 2645 2646
1333 4 2654 2655
1334 5 2649 2651
1335 7 2649 2652
1336 3 2649 2655
1337 3 2655 2656
1338 1 2655 2657
1339 3 1960 1961
1340 1 1960 1962
1341 17 3051 3054
1342 18 3051 3055
1343 18 3051 3056
1344 4 1959 1960
1345 14 3054 3057
1346 18 3054 3058
1347 18 3054 3059
1349 15 3057 3063
1350 3 1953 1954
1351 1 1953 1955
1352 5 1947 1949
1353 7 1947 1950
1354 3 1947 1953
1355 3 1195 1196
1356 1 1195 1197
1357 5 1196 1198
1358 7 1196 1199
1359 3 1196 1202
1360 11 1192 1193
1361 3 1202 1203
1362 1 1202 1204
1363 5 1175 1177
1364 7 1175 1178
1365 3 1175 1181
1366 11 1108 1109
1367 5 1105 1107
1368 7 1105 1108
1369 3 1105 1111
1370 5 1189 1191
1371 7 1189 1192
1372 3 1189 1195
1373 11 1122 1123
1374 5 1119 1121
1375 7 1119 1122
1376 3 1119 1125
1377 4 1117 1118
1378 3 1118 1119
1379 1 1118 1120
1380 11 1115 1116
1381 5 1112 1114
1382 7 1112 1115
1383 3 1112 1118
1384 4 1110 1111
1385 3 1111 1112
1386 1 1111 1113
1387 5 1168 1170
1388 7 1168 1171
1389 3 1168 1174
1390 11 1199 1200
1391 3 577 578
1392 1 577 579
1393 11 926 927
1394 11 588 589
1395 3 584 585
1396 1 584 586
1397 5 578 580
1398 7 578 581
1399 3 578 584
1400 3 1104 1105
1401 1 1104 1106
1402 4 576 577
1403 11 1677 1678
1404 11 595 596
1405 11 933 934
1406 4 928 929
1407 4 935 936
1408 11 602 603
1409 5 592 594
1410 7 592 595
1411 3 592 598
1412 3 591 592
1413 1 591 593
1414 5 585 587
1415 7 585 588
1416 3 585 591
1417 4 590 591
1418 3 598 599
1419 1 598 600
1420 5 599 601
1421 7 599 602
1422 3 599 605
1423 4 597 598
1424 3 605 606
1425 1 605 607
1426 5 1674 1676
1427 7 1674 1677
1428 3 1674 1680
1429 4 583 584
1430 5 620 622
1431 7 620 623
1432 3 620 626
1433 4 618 619
1434 3 619 620
1435 1 619 621
1436 17 2915 2916
1437 18 2915 2917
1438 18 2915 2918
1439 4 1679 1680
1440 4 611 612
1441 4 2731 2732
1442 4 604 605
1443 5 606 608
1444 7 606 609
1445 3 606 612
1446 5 2726 2728
1447 7 2726 2729
1448 3 2726 2732
1449 11 2729 2730
1450 3 612 613
1451 1 612 614
1453 5 613 615
1454 7 613 616
1455 3 613 619
1456 3 2725 2726
1457 1 2725 2727
1458 5 2719 2721
1459 7 2719 2722
1460 3 2719 2725
1461 17 2916 2919
1462 18 2916 2920
1463 18 2916 2921
1465 11 1684 1685
1466 14 2919 2922
1467 18 2919 2923
1468 18 2919 2924
1469 4 2675 2676
1470 11 2673 2674
1471 4 2724 2725
1472 3 2718 2719
1473 1 2718 2720
1474 11 709 710
1475 4 2668 2669
1476 11 2652 2653
1477 4 2717 2718
1478 5 2670 2672
1479 7 2670 2673
1480 3 2670 2676
1481 11 2666 2667
1482 3 2662 2663
1483 1 2662 2664
1484 5 2656 2658
1485 7 2656 2659
1486 3 2656 2662
1487 5 2663 2665
1488 7 2663 2666
1489 3 2663 2669
1490 3 2669 2670
1491 1 2669 2671
1492 3 2676 2677
1493 1 2676 2678
1494 11 1950 1951
1495 5 2677 2679
1496 7 2677 2680
1497 3 2677 2683
1498 11 2680 2681
1499 3 866 867
1500 1 866 868
1501 4 865 866
1502 11 856 857
1503 11 863 864
1504 5 1238 1240
1505 7 1238 1241
1506 3 1238 1244
1507 4 1243 1244
1508 3 1237 1238
1509 1 1237 1239
1510 4 1236 1237
1511 3 1244 1245
1512 1 1244 1246
1513 4 1250 1251
1514 5 1231 1233
1515 7 1231 1234
1516 3 1231 1237
1517 11 1241 1242
1518 3 1230 1231
1519 1 1230 1232
1520 11 1045 1046
1521 5 1224 1226
1522 7 1224 1227
1523 3 1224 1230
1524 4 1047 1048
1525 3 1223 1224
1526 1 1223 1225
1527 5 1042 1044
1528 7 1042 1045
1529 3 1042 1048
1530 4 1040 1041
1531 5 1035 1037
1532 7 1035 1038
1533 3 1035 1041
1535 4 837 838
1536 11 1052 1053
1537 11 835 836
1538 11 1101 1102
1539 4 844 845
1540 5 1049 1051
1541 7 1049 1052
1542 3 1049 1055
1543 4 1054 1055
1544 3 1055 1056
1545 1 1055 1057
1546 3 1048 1049
1547 1 1048 1050
1548 3 1062 1063
1549 1 1062 1064
1550 5 1056 1058
1551 7 1056 1059
1552 3 1056 1062
1553 4 1061 1062
1554 3 1041 1042
1555 1 1041 1043
1556 11 1087 1088
1557 5 1084 1086
1558 7 1084 1087
1559 3 1084 1090
1560 11 1066 1067
1561 3 1069 1070
1562 1 1069 1071
1563 5 1063 1065
1564 7 1063 1066
1565 3 1063 1069
1566 4 942 943
1567 3 943 944
1568 1 943 945
1569 5 944 946
1570 7 944 947
1571 3 944 950
1572 11 947 948
1573 4 949 950
1574 3 950 951
1575 1 950 952
1576 5 951 953
1577 7 951 954
1578 3 951 957
1579 3 957 958
1580 1 957 959
1581 11 954 955
1582 11 1782 1783
1583 4 956 957
1584 11 637 638
1585 11 1775 1776
1586 5 1779 1781
1587 7 1779 1782
1588 3 1779 1785
1589 11 2274 2275
1590 3 1076 1077
1591 1 1076 1078
1592 11 2267 2268
1593 3 640 641
1594 1 640 642
1595 3 2256 2257
1596 1 2256 2258
1597 5 2250 2252
1598 7 2250 2253
1599 3 2250 2256
1600 5 2264 2266
1601 7 2264 2267
1602 3 2264 2270
1603 11 1789 1790
1604 5 1786 1788
1605 7 1786 1789
1606 3 1786 1792
1607 4 1791 1792
1608 5 2257 2259
1609 7 2257 2260
1610 3 2257 2263
1611 11 2260 2261
1612 4 639 640
1613 3 1785 1786
1614 1 1785 1787
1615 4 1784 1785
1616 4 2255 2256
1617 3 2263 2264
1618 1 2263 2265
1619 4 2262 2263
1620 4 2248 2249
1621 4 1798 1799
1622 11 2253 2254
1623 3 1792 1793
1624 1 1792 1794
1625 11 870 871
1626 3 2249 2250
1627 1 2249 2251
1628 11 2246 2247
1629 5 2243 2245
1630 7 2243 2246
1631 3 2243 2249
1632 4 2241 2242
1633 3 2242 2243
1634 1 2242 2244
1635 11 2239 2240
1636 5 2236 2238
1637 7 2236 2239
1638 3 2236 2242
1639 3 2235 2236
1640 1 2235 2237
1641 4 1229 1230
1642 11 2687 2688
1644 5 1245 1247
1645 7 1245 1248
1646 3 1245 1251
1647 3 1251 1252
1648 1 1251 1253
1649 11 1255 1256
1650 3 283 284
1651 1 283 285
1652 4 282 283
1653 5 284 286
1654 7 284 287
1655 3 284 290
1656 11 287 288
1657 5 1252 1254
1658 7 1252 1255
1659 3 1252 1258
1660 5 277 279
1661 7 277 280
1662 3 277 283
1663 11 280 281
1664 4 289 290
1665 3 290 291
1666 1 290 292
1667 8 3566 3572
1668 11 1269 1270
1670 11 1276 1277
1671 11 1059 1060
1672 3 1258 1259
1673 1 1258 1260
1674 5 1266 1268
1675 7 1266 1269
1676 3 1266 1272
1677 3 1272 1273
1678 1 1272 1274
1679 4 1257 1258
1680 5 1259 1261
1681 7 1259 1262
1682 3 1259 1265
1683 4 970 971
1684 11 1262 1263
1685 3 1265 1266
1686 1 1265 1267
1687 4 1264 1265
1688 5 979 981
1689 7 979 982
1690 3 979 985
1691 11 989 990
1692 5 972 974
1693 7 972 975
1694 3 972 978
1695 3 971 972
1696 1 971 973
1697 3 985 986
1698 1 985 987
1699 3 978 979
1700 1 978 980
1701 4 991 992
1702 5 986 988
1703 7 986 989
1704 3 986 992
1705 11 1003 1004
1706 3 992 993
1707 1 992 994
1708 4 998 999
1709 4 963 964
1710 11 968 969
1711 5 958 960
1712 7 958 961
1713 3 958 964
1714 11 961 962
1715 3 964 965
1716 1 964 966
1717 11 975 976
1718 5 965 967
1719 7 965 968
1720 3 965 971
1721 3 2277 2278
1722 1 2277 2279
1723 3 2291 2292
1724 1 2291 2293
1725 3 2284 2285
1726 1 2284 2286
1727 5 2285 2287
1728 7 2285 2288
1729 3 2285 2291
1730 4 977 978
1731 4 2276 2277
1732 4 2283 2284
1733 4 2290 2291
1734 4 366 367
1735 5 2278 2280
1736 7 2278 2281
1737 3 2278 2284
1738 4 2269 2270
1739 3 2781 2782
1740 1 2781 2783
1741 3 2270 2271
1742 1 2270 2272
1743 5 2271 2273
1744 7 2271 2274
1745 3 2271 2277
1746 5 2775 2777
1747 7 2775 2778
1748 3 2775 2781
1749 11 2281 2282
1750 9 3134 3471
1751 9 3268 3496
1752 13 3267 3268
1753 11 2778 2779
1754 9 3138 3472
1755 3 2774 2775
1756 1 2774 2776
1757 4 268 269
1758 5 270 272
1759 7 270 273
1760 3 270 276
1761 5 263 265
1762 7 263 266
1763 3 263 269
1764 3 269 270
1765 1 269 271
1766 5 2222 2224
1767 7 2222 2225
1768 3 2222 2228
1769 5 2229 2231
1770 7 2229 2232
1771 3 2229 2235
1772 3 2228 2229
1773 1 2228 2230
1774 4 2234 2235
1775 11 2225 2226
1776 11 2232 2233
1777 4 2227 2228
1778 3 276 277
1779 1 276 278
1780 4 275 276
1781 13 3130 3135
1782 13 3130 3257
1783 13 3189 3197
1784 9 3189 3483
1785 8 3457 3527
1786 13 3135 3138
1787 13 3135 3137
1788 13 3135 3136
1789 12 3257 3457
1790 13 3257 3264
1791 13 3257 3258
1792 13 3197 3205
1793 5 1273 1275
1794 7 1273 1276
1795 3 1273 1279
1796 11 294 295
1797 5 291 293
1798 7 291 294
1799 3 291 297
1800 4 296 297
1801 3 297 298
1802 1 297 299
1803 5 298 300
1804 7 298 301
1805 3 298 304
1806 11 301 302
1807 3 304 305
1808 1 304 306
1809 4 303 304
1810 5 305 307
1811 7 305 308
1812 3 305 311
1813 3 311 312
1814 1 311 313
1815 4 310 311
1816 11 308 309
1817 11 2617 2618
1818 11 315 316
1819 9 3320 3505
1820 4 1278 1279
1821 4 226 227
1822 11 982 983
1823 4 1271 1272
1824 4 219 220
1825 4 984 985
1826 3 1279 1280
1827 1 1279 1281
1828 3 325 326
1829 1 325 327
1830 3 318 319
1831 1 318 320
1832 4 317 318
1833 4 324 325
1834 3 332 333
1835 1 332 334
1836 5 319 321
1837 7 319 322
1838 3 319 325
1839 5 326 328
1840 7 326 329
1841 3 326 332
1842 5 312 314
1843 7 312 315
1844 3 312 318
1845 4 331 332
1846 11 322 323
1847 4 1285 1286
1848 3 1286 1287
1849 1 1286 1288
1850 4 1292 1293
1851 5 1280 1282
1852 7 1280 1283
1853 3 1280 1286
1854 4 338 339
1855 4 2549 2550
1856 11 2288 2289
1857 4 359 360
1858 5 333 335
1859 7 333 336
1860 3 333 339
1861 3 339 340
1862 1 339 341
1863 11 343 344
1864 5 347 349
1865 7 347 350
1866 3 347 353
1867 4 345 346
1868 5 340 342
1869 7 340 343
1870 3 340 346
1871 3 346 347
1872 1 346 348
1873 3 353 354
1874 1 353 355
1875 4 352 353
1876 11 350 351
1877 3 360 361
1878 1 360 362
1879 5 354 356
1880 7 354 357
1881 3 354 360
1882 4 2556 2557
1883 11 2561 2562
1884 4 478 479
1885 5 2754 2756
1886 7 2754 2757
1887 3 2754 2760
1888 11 2757 2758
1889 3 2550 2551
1890 1 2550 2552
1891 5 2768 2770
1892 7 2768 2771
1893 3 2768 2774
1894 4 2766 2767
1895 3 2767 2768
1896 1 2767 2769
1897 5 2761 2763
1898 7 2761 2764
1899 3 2761 2767
1900 13 3264 3267
1901 3 2760 2761
1902 1 2760 2762
1903 3 2557 2558
1904 1 2557 2559
1905 4 2773 2774
1906 5 2558 2560
1907 7 2558 2561
1908 3 2558 2564
1909 11 2554 2555
1910 5 2551 2553
1911 7 2551 2554
1912 3 2551 2557
1913 13 3225 3267
1914 9 3225 3486
1915 8 3458 3528
1916 12 3358 3458
1917 13 3358 3365
1918 13 3358 3359
1919 13 3359 3402
1920 13 3365 3367
1921 4 2759 2760
1922 4 2626 2627
1923 3 2627 2628
1924 1 2627 2629
1925 11 266 267
1926 11 2764 2765
1927 4 2619 2620
1928 9 3181 3482
1929 13 3181 3197
1930 11 2624 2625
1931 5 2621 2623
1932 7 2621 2624
1933 3 2621 2627
1934 13 3258 3313
1935 9 3311 3503
1936 13 3311 3313
1937 13 3226 3313
1938 9 3226 3487
1939 13 3308 3313
1940 13 3308 3324
1941 13 3299 3324
1942 9 3299 3501
1943 5 2614 2616
1944 7 2614 2617
1945 3 2614 2620
1946 3 2620 2621
1947 1 2620 2622
1948 3 1384 1385
1949 1 1384 1386
1950 4 1383 1384
1951 4 2612 2613
1952 3 2613 2614
1953 1 2613 2615
1954 5 1378 1380
1955 7 1378 1381
1956 3 1378 1384
1957 11 1381 1382
1958 3 1377 1378
1959 1 1377 1379
1960 4 1376 1377
1961 3 1363 1364
1962 1 1363 1365
1963 5 1364 1366
1964 7 1364 1367
1965 3 1364 1370
1966 5 1371 1373
1967 7 1371 1374
1968 3 1371 1377
1969 3 1370 1371
1970 1 1370 1372
1971 11 1374 1375
1972 5 1357 1359
1973 7 1357 1360
1974 3 1357 1363
1975 11 2610 2611
1976 5 2607 2609
1977 7 2607 2610
1978 3 2607 2613
1979 11 546 547
1980 5 543 545
1981 7 543 546
1982 3 543 549
1983 4 548 549
1984 3 549 550
1985 1 549 551
1986 11 553 554
1987 5 550 552
1988 7 550 553
1989 3 550 556
1990 11 329 330
1991 4 555 556
1992 3 556 557
1993 1 556 558
1994 5 557 559
1995 7 557 560
1996 3 557 563
1997 11 560 561
1998 4 688 689
1999 11 1346 1347
2000 4 499 500
2001 4 1355 1356
2002 4 1665 1666
2003 11 686 687
2004 3 500 501
2005 1 500 502
2006 4 485 486
2007 11 497 498
2008 11 490 491
2009 5 494 496
2010 7 494 497
2011 3 494 500
2012 4 492 493
2013 3 493 494
2014 1 493 495
2015 3 486 487
2016 1 486 488
2017 5 487 489
2018 7 487 490
2019 3 487 493
2020 5 480 482
2021 7 480 483
2022 3 480 486
2023 11 679 680
2024 11 483 484
2025 3 479 480
2026 1 479 481
2027 4 1672 1673
2028 4 2563 2564
2029 11 2568 2569
2030 8 3529 3533
2031 3 2564 2565
2032 1 2564 2566
2033 5 2565 2567
2034 7 2565 2568
2035 3 2565 2571
2036 12 3402 3532
2037 12 3402 3531
2038 3 2571 2572
2039 1 2571 2573
2040 4 2570 2571
2041 5 2572 2574
2042 7 2572 2575
2043 3 2572 2578
2045 3 2578 2579
2046 1 2578 2580
2047 11 2582 2583
2048 8 3531 3535
2049 5 2579 2581
2050 7 2579 2582
2051 3 2579 2585
2052 4 2577 2578
2053 3 2585 2586
2054 1 2585 2587
2055 4 2584 2585
2056 8 3532 3536
2057 11 2638 2639
2058 4 2605 2606
2060 5 2586 2588
2061 7 2586 2589
2062 3 2586 2592
2063 11 2596 2597
2064 3 2606 2607
2065 1 2606 2608
2066 5 2600 2602
2067 7 2600 2603
2068 3 2600 2606
2069 3 2599 2600
2070 1 2599 2601
2071 5 2593 2595
2072 7 2593 2596
2073 3 2593 2599
2074 4 2598 2599
2075 11 2603 2604
2076 3 2592 2593
2077 1 2592 2594
2078 4 2591 2592
2080 4 1931 1932
2081 11 1943 1944
2082 4 1952 1953
2084 4 1362 1363
2085 4 1369 1370
2087 4 1215 1216
2088 11 1213 1214
2089 3 1209 1210
2090 1 1209 1211
2091 5 1217 1219
2092 7 1217 1220
2093 3 1217 1223
2094 3 1216 1217
2095 1 1216 1218
2096 5 1210 1212
2097 7 1210 1213
2098 3 1210 1216
2099 4 1208 1209
2101 4 1945 1946
2102 5 1203 1205
2103 7 1203 1206
2104 3 1203 1209
2105 4 1201 1202
2106 4 1938 1939
2107 3 1946 1947
2108 1 1946 1948
2109 11 1206 1207
2110 4 1222 1223
2112 5 571 573
2113 7 571 574
2114 3 571 577
2115 3 570 571
2116 1 570 572
2117 3 563 564
2118 1 563 565
2119 5 1098 1100
2120 7 1098 1101
2121 3 1098 1104
2122 4 1103 1104
2123 11 1094 1095
2124 5 1091 1093
2125 7 1091 1094
2126 3 1091 1097
2127 3 1090 1091
2128 1 1090 1092
2129 3 1097 1098
2130 1 1097 1099
2131 4 569 570
2132 4 1096 1097
2133 4 1089 1090
2134 5 564 566
2135 7 564 567
2136 3 564 570
2137 4 562 563
2139 4 1082 1083
2140 3 1083 1084
2141 1 1083 1085
2142 11 581 582
2143 11 644 645
2144 11 658 659
2145 4 653 654
2146 5 655 657
2147 7 655 658
2148 3 655 661
2149 3 654 655
2150 1 654 656
2151 5 662 664
2152 7 662 665
2153 3 662 668
2154 3 661 662
2155 1 661 663
2156 5 648 650
2157 7 648 651
2158 3 648 654
2159 4 660 661
2162 5 641 643
2163 7 641 644
2164 3 641 647
2165 3 647 648
2166 1 647 649
2167 3 1680 1681
2168 1 1680 1682
2169 14 2914 2915
2171 15 2914 2926
2172 11 1691 1692
2173 5 1681 1683
2174 7 1681 1684
2175 3 1681 1687
2176 4 646 647
2177 3 1687 1688
2178 1 1687 1689
2179 5 1688 1690
2180 7 1688 1691
2181 3 1688 1694
2182 3 1694 1695
2183 1 1694 1696
2184 5 1695 1697
2185 7 1695 1698
2186 3 1695 1701
2187 4 1686 1687
2188 4 1693 1694
2190 11 2708 2709
2191 4 1700 1701
2192 3 1701 1702
2193 1 1701 1703
2194 11 1698 1699
2195 3 1939 1940
2196 1 1939 1941
2197 5 2705 2707
2198 7 2705 2708
2199 3 2705 2711
2200 4 2703 2704
2201 11 2715 2716
2202 4 2682 2683
2203 5 2684 2686
2204 7 2684 2687
2205 3 2684 2690
2206 5 2691 2693
2207 7 2691 2694
2208 3 2691 2697
2209 5 2712 2714
2210 7 2712 2715
2211 3 2712 2718
2212 3 1932 1933
2213 1 1932 1934
2214 3 2704 2705
2215 1 2704 2706
2216 5 2698 2700
2217 7 2698 2701
2218 3 2698 2704
2219 5 1940 1942
2220 7 1940 1943
2221 3 1940 1946
2222 3 2711 2712
2223 1 2711 2713
2224 4 2689 2690
2225 3 2690 2691
2226 1 2690 2692
2227 4 2710 2711
2228 4 2696 2697
2229 3 2697 2698
2230 1 2697 2699
2232 5 1933 1935
2233 7 1933 1936
2234 3 1933 1939
2235 3 2683 2684
2236 1 2683 2685
2237 14 2934 2937
2238 18 2934 2938
2239 18 2934 2939
2240 17 2931 2934
2241 18 2931 2935
2242 18 2931 2936
2243 17 2930 2931
2244 18 2930 2932
2245 18 2930 2933
2246 14 2929 2930
2248 15 2929 2941
2250 11 1024 1025
2251 3 1027 1028
2252 1 1027 1029
2253 5 1021 1023
2254 7 1021 1024
2255 3 1021 1027
2256 4 1019 1020
2257 3 1020 1021
2258 1 1020 1022
2259 4 2437 2438
2260 11 1017 1018
2261 5 1014 1016
2262 7 1014 1017
2263 3 1014 1020
2264 3 2438 2439
2265 1 2438 2440
2266 3 1013 1014
2267 1 1013 1015
2268 4 1026 1027
2269 5 1028 1030
2270 7 1028 1031
2271 3 1028 1034
2272 11 1073 1074
2273 5 1070 1072
2274 7 1070 1073
2275 3 1070 1076
2276 5 1077 1079
2277 7 1077 1080
2278 3 1077 1083
2279 11 1010 1011
2280 5 2439 2441
2281 7 2439 2442
2282 3 2439 2445
2284 4 1777 1778
2285 3 1778 1779
2286 1 1778 1780
2287 5 1772 1774
2288 7 1772 1775
2289 3 1772 1778
2290 4 1068 1069
2291 4 1075 1076
2292 5 2432 2434
2293 7 2432 2435
2294 3 2432 2438
2296 3 1771 1772
2297 1 1771 1773
2298 4 1770 1771
2299 5 1765 1767
2300 7 1765 1768
2301 3 1765 1771
2302 11 1768 1769
2303 3 1764 1765
2304 1 1764 1766
2305 4 1763 1764
2306 5 1758 1760
2307 7 1758 1761
2308 3 1758 1764
2309 11 1761 1762
2310 11 385 386
2311 8 3547 3551
2312 5 1793 1795
2313 7 1793 1796
2314 3 1793 1799
2315 3 1799 1800
2316 1 1799 1801
2317 8 3549 3553
2318 8 3548 3552
2319 13 3219 3220
2320 12 3221 3549
2321 12 3221 3550
2322 13 3221 3222
2323 11 1796 1797
2324 11 1810 1811
2325 8 3557 3558
2326 5 1800 1802
2327 7 1800 1803
2328 3 1800 1806
2329 11 1803 1804
2330 3 1806 1807
2331 1 1806 1808
2332 9 3113 3463
2333 13 3113 3214
2334 8 3565 3571
2335 13 3111 3203
2336 9 3111 3461
2337 10 3141 3473
2338 12 3141 3565
2339 13 3214 3219
2340 13 3214 3215
2341 12 3214 3555
2342 13 3203 3209
2343 17 2811 2814
2344 18 2811 2815
2345 18 2811 2816
2346 4 1805 1806
2347 14 2814 2817
2348 18 2814 2818
2349 18 2814 2819
2350 13 3139 3141
2351 13 3139 3158
2352 14 2809 2810
2354 15 2809 2821
2355 17 2810 2811
2356 18 2810 2812
2357 18 2810 2813
2358 4 1812 1813
2360 15 2817 2823
2361 9 3112 3462
2362 13 3112 3203
2363 8 3570 3576
2364 8 3569 3575
2365 8 3568 3574
2366 13 3196 3204
2367 12 3196 3570
2368 13 3196 3205
2369 12 3194 3569
2370 12 3194 3568
2371 13 3164 3194
2372 13 3169 3194
2373 13 3169 3171
2374 12 3161 3455
2375 13 3161 3165
2376 13 3161 3164
2377 13 3195 3196
2378 13 3165 3193
2379 9 3145 3477
2380 13 3145 3161
2381 8 3567 3573
2382 8 3455 3525
2383 13 3171 3176
2384 13 3171 3173
2385 13 3193 3195
2386 13 3202 3204
2387 12 3202 3567
2388 12 3202 3566
2389 13 3155 3171
2390 4 1012 1013
2391 5 1007 1009
2392 7 1007 1010
2393 3 1007 1013
2394 4 1005 1006
2395 5 993 995
2396 7 993 996
2397 3 993 999
2398 11 996 997
2399 3 999 1000
2400 1 999 1001
2401 3 1006 1007
2402 1 1006 1008
2403 5 1000 1002
2404 7 1000 1003
2405 3 1000 1006
2406 4 1306 1307
2407 4 387 388
2408 11 1418 1419
2409 4 380 381
2410 11 1311 1312
2411 3 367 368
2412 1 367 369
2413 5 361 363
2414 7 361 364
2415 3 361 367
2416 4 373 374
2417 3 374 375
2418 1 374 376
2419 11 378 379
2420 3 388 389
2421 1 388 390
2422 11 371 372
2423 5 382 384
2424 7 382 385
2425 3 382 388
2426 3 381 382
2427 1 381 383
2428 5 368 370
2429 7 368 371
2430 3 368 374
2431 5 375 377
2432 7 375 378
2433 3 375 381
2434 9 3224 3485
2435 13 3224 3351
2436 13 3351 3353
2437 5 389 391
2438 7 389 392
2439 3 389 395
2440 11 392 393
2441 11 364 365
2442 12 3158 3548
2443 8 3550 3554
2444 13 3270 3351
2445 13 3270 3404
2446 13 3131 3132
2447 13 3131 3133
2448 12 3131 3547
2449 13 3131 3134
2450 13 3132 3158
2451 9 3223 3484
2452 13 3223 3241
2453 13 3156 3158
2454 13 3156 3213
2455 13 3133 3316
2456 13 3159 3221
2457 13 3159 3316
2458 8 3561 3563
2459 12 3316 3561
2460 13 3269 3316
2461 13 3266 3269
2462 13 3263 3266
2463 13 3263 3342
2464 13 3186 3343
2465 13 3186 3213
2466 13 3262 3266
2467 13 3262 3340
2468 13 3242 3266
2469 13 3136 3192
2470 13 3213 3217
2471 13 3188 3342
2472 13 3188 3213
2473 13 3209 3211
2474 13 3173 3203
2475 13 3191 3202
2476 13 3191 3192
2477 13 3178 3197
2478 13 3178 3329
2479 13 3211 3217
2480 13 3211 3215
2481 13 3140 3192
2482 13 3140 3141
2483 13 3137 3342
2484 13 3176 3200
2485 13 3190 3192
2486 13 3190 3200
2487 13 3180 3200
2488 13 3180 3330
2489 13 3184 3200
2490 13 3184 3329
2491 13 3314 3342
2492 13 3330 3336
2493 13 3336 3338
2494 13 3291 3330
2495 13 3166 3319
2496 13 3166 3193
2497 13 3167 3318
2498 13 3167 3193
2499 8 3456 3526
2500 13 3318 3320
2501 12 3318 3456
2502 13 3318 3322
2503 13 3322 3323
2504 9 3239 3492
2505 13 3239 3273
2506 13 3279 3317
2507 9 3280 3498
2508 13 3280 3406
2509 5 1336 1338
2510 7 1336 1339
2511 3 1336 1342
2512 13 3273 3278
2513 13 3273 3279
2514 13 3278 3319
2515 4 1334 1335
2516 3 1342 1343
2517 1 1342 1344
2518 3 1335 1336
2519 1 1335 1337
2520 13 3321 3323
2521 3 1314 1315
2522 1 1314 1316
2523 11 1290 1291
2524 11 1318 1319
2525 11 1283 1284
2526 3 1307 1308
2527 1 1307 1309
2528 3 1293 1294
2529 1 1293 1295
2530 5 1308 1310
2531 7 1308 1311
2532 3 1308 1314
2533 5 1315 1317
2534 7 1315 1318
2535 3 1315 1321
2536 5 1329 1331
2537 7 1329 1332
2538 3 1329 1335
2539 5 1287 1289
2540 7 1287 1290
2541 3 1287 1293
2542 5 1294 1296
2543 7 1294 1297
2544 3 1294 1300
2545 3 1328 1329
2546 1 1328 1330
2547 4 1327 1328
2548 11 1332 1333
2549 11 448 449
2550 11 1297 1298
2551 3 1300 1301
2552 1 1300 1302
2553 5 1301 1303
2554 7 1301 1304
2555 3 1301 1307
2556 5 1322 1324
2557 7 1322 1325
2558 3 1322 1328
2559 5 445 447
2560 7 445 448
2561 3 445 451
2562 11 357 358
2563 12 3404 3449
2564 4 1299 1300
2565 11 1304 1305
2566 8 3449 3519
2567 4 464 465
2568 3 465 466
2569 1 465 467
2570 4 471 472
2571 5 459 461
2572 7 459 462
2573 3 459 465
2574 5 466 468
2575 7 466 469
2576 3 466 472
2577 11 469 470
2578 3 458 459
2579 1 458 460
2580 13 3243 3404
2581 13 3114 3366
2582 9 3114 3464
2583 3 472 473
2584 1 472 474
2585 5 452 454
2586 7 452 455
2587 3 452 458
2588 13 3261 3267
2589 13 3240 3256
2590 13 3240 3358
2591 12 3367 3529
2592 13 3367 3368
2593 9 3368 3509
2594 13 3241 3243
2595 13 3241 3244
2596 13 3241 3242
2597 13 3340 3347
2598 9 3244 3493
2599 13 3369 3404
2600 13 3256 3261
2601 13 3256 3260
2602 13 3256 3259
2603 13 3260 3430
2604 13 3403 3430
2605 13 3364 3366
2606 13 3364 3430
2607 13 3366 3369
2608 13 3306 3340
2609 13 3306 3430
2610 13 3401 3403
2611 13 3399 3401
2612 13 3399 3415
2613 13 3363 3366
2614 13 3363 3428
2615 13 3362 3367
2616 13 3360 3401
2617 13 3397 3428
2618 13 3397 3447
2619 13 3329 3331
2620 13 3282 3406
2621 13 3282 3317
2622 13 3317 3321
2623 13 3259 3312
2624 13 3312 3314
2625 13 3323 3331
2626 13 3323 3332
2627 13 3324 3332
2628 13 3310 3312
2629 13 3310 3329
2630 13 3285 3319
2631 13 3285 3288
2632 13 3400 3401
2633 13 3400 3417
2634 13 3296 3324
2635 13 3296 3417
2636 13 3309 3312
2637 13 3309 3327
2638 13 3417 3419
2639 13 3294 3327
2640 13 3302 3327
2641 13 3302 3417
2642 13 3281 3407
2643 13 3281 3317
2644 13 3298 3327
2645 13 3298 3418
2646 13 3288 3291
2647 13 3288 3294
2648 11 1339 1340
2649 4 1341 1342
2650 5 1350 1352
2651 7 1350 1353
2652 3 1350 1356
2653 3 1356 1357
2654 1 1356 1358
2655 4 1348 1349
2656 3 1349 1350
2657 1 1349 1351
2658 11 1360 1361
2659 9 3408 3513
2660 5 1905 1907
2661 7 1905 1908
2662 3 1905 1911
2664 3 1911 1912
2665 1 1911 1913
2666 4 1896 1897
2667 3 1897 1898
2668 1 1897 1899
2669 5 1898 1900
2670 7 1898 1901
2671 3 1898 1904
2672 4 1910 1911
2673 3 1904 1905
2674 1 1904 1906
2675 13 3406 3408
2676 13 3406 3410
2678 5 1343 1345
2679 7 1343 1346
2680 3 1343 1349
2681 5 1912 1914
2682 7 1912 1915
2683 3 1912 1918
2684 9 3356 3507
2685 13 3356 3371
2686 5 683 685
2687 7 683 686
2688 3 683 689
2689 11 693 694
2690 5 1891 1893
2691 7 1891 1894
2692 3 1891 1897
2693 3 689 690
2694 1 689 691
2695 11 1353 1354
2696 11 700 702
2697 4 681 682
2698 4 695 696
2699 5 690 692
2700 7 690 693
2701 3 690 696
2702 6 697 701
2703 5 697 699
2704 7 697 700
2705 3 696 697
2706 1 696 698
2707 3 1890 1891
2708 1 1890 1892
2709 5 1884 1886
2710 7 1884 1887
2711 3 1884 1890
2712 11 1887 1888
2713 5 1877 1879
2714 7 1877 1880
2715 3 1877 1883
2716 3 1883 1884
2717 1 1883 1885
2718 4 1889 1890
2719 3 1876 1877
2720 1 1876 1878
2721 4 1882 1883
2722 11 1880 1881
2723 11 1894 1895
2724 4 1875 1876
2725 11 441 442
2726 5 676 678
2727 7 676 679
2728 3 676 682
2729 3 682 683
2730 1 682 684
2731 11 1873 1874
2732 5 1870 1872
2733 7 1870 1873
2734 3 1870 1876
2736 11 462 463
2737 11 476 477
2738 5 473 475
2739 7 473 476
2740 3 473 479
2741 3 1869 1870
2742 1 1869 1871
2743 4 1868 1869
2744 4 1861 1862
2745 3 675 676
2746 1 675 677
2747 3 1862 1863
2748 1 1862 1864
2749 14 2884 2885
2751 15 2884 2896
2752 13 3357 3362
2753 13 3357 3361
2754 13 3357 3360
2755 10 3357 3508
2756 14 2889 2892
2757 18 2889 2893
2758 18 2889 2894
2759 17 2886 2889
2760 18 2886 2890
2761 18 2886 2891
2762 17 2885 2886
2763 18 2885 2887
2764 18 2885 2888
2765 8 3578 3584
2766 13 3361 3447
2767 12 3447 3579
2768 12 3447 3578
2769 9 3441 3517
2770 13 3441 3444
2771 8 3579 3585
2772 4 1840 1841
2773 12 3444 3539
2774 14 3079 3080
2776 15 3079 3091
2777 4 1833 1834
2778 3 1841 1842
2779 1 1841 1843
2780 4 1924 1925
2781 13 3394 3415
2782 13 3394 3444
2783 3 1918 1919
2784 1 1918 1920
2785 3 1925 1926
2786 1 1925 1927
2787 4 1917 1918
2788 5 1919 1921
2789 7 1919 1922
2790 3 1919 1925
2791 13 3389 3412
2792 13 3389 3444
2793 13 3398 3402
2794 13 3398 3412
2795 13 3410 3411
2796 8 3530 3534
2797 8 3539 3544
2798 13 3412 3420
2799 12 3412 3530
2800 13 3411 3419
2801 13 3411 3420
2802 13 3409 3411
2803 12 3405 3559
2804 13 3405 3409
2806 8 3559 3560
2807 13 3377 3405
2808 11 1922 1923
2809 13 3378 3405
2810 13 3378 3442
2812 15 2937 2943
2813 14 3019 3020
2815 15 3019 3031
2816 14 3024 3027
2817 18 3024 3028
2818 18 3024 3029
2819 17 3021 3024
2820 18 3021 3025
2821 18 3021 3026
2822 17 3020 3021
2823 18 3020 3022
2824 18 3020 3023
2826 15 3027 3033
2828 15 2862 2868
2829 14 2859 2862
2830 18 2859 2863
2831 18 2859 2864
2832 17 2856 2859
2833 18 2856 2860
2834 18 2856 2861
2835 14 3034 3035
2837 15 3034 3046
2838 17 3035 3036
2839 18 3035 3037
2840 18 3035 3038
2841 14 3039 3042
2842 18 3039 3043
2843 18 3039 3044
2844 4 1033 1034
2845 17 3036 3039
2846 18 3036 3040
2847 18 3036 3041
2849 3 1034 1035
2850 1 1034 1036
2851 21 3042 3047
2852 15 3042 3048
2853 14 2839 2840
2855 15 2839 2851
2856 17 2840 2841
2857 18 2840 2842
2858 18 2840 2843
2859 17 2841 2844
2860 18 2841 2845
2861 18 2841 2846
2863 5 669 671
2864 7 669 672
2865 3 669 675
2866 4 674 675
2867 4 667 668
2868 3 668 669
2869 1 668 670
2871 15 2832 2838
2872 14 2829 2832
2873 18 2829 2833
2874 18 2829 2834
2875 17 2826 2829
2876 18 2826 2830
2877 18 2826 2831
2878 17 2825 2826
2879 18 2825 2827
2880 18 2825 2828
2881 14 2824 2825
2883 15 2824 2836
2885 15 2892 2898
2888 5 1702 1704
2889 7 1702 1705
2890 3 1702 1708
2891 11 1712 1713
2892 5 1709 1711
2893 7 1709 1712
2894 3 1709 1715
2895 4 1707 1708
2896 4 1714 1715
2897 3 1708 1709
2898 1 1708 1710
2899 3 1715 1716
2900 1 1715 1717
2901 5 1716 1718
2902 7 1716 1719
2903 3 1716 1722
2904 17 3080 3081
2905 18 3080 3082
2906 18 3080 3083
2907 4 1721 1722
2908 3 1834 1835
2909 1 1834 1836
2910 5 1926 1928
2911 7 1926 1929
2912 3 1926 1932
2913 5 1807 1809
2914 7 1807 1810
2915 3 1807 1813
2916 4 1826 1827
2917 3 1813 1814
2918 1 1813 1815
2919 17 3081 3084
2920 18 3081 3085
2921 18 3081 3086
2922 14 3084 3087
2923 18 3084 3088
2924 18 3084 3089
2925 21 3087 3092
2926 15 3087 3093
2927 17 2855 2856
2928 18 2855 2857
2929 18 2855 2858
2930 5 1814 1816
2931 7 1814 1817
2932 3 1814 1820
2933 14 2854 2855
2935 15 2854 2866
2936 3 1827 1828
2937 1 1827 1829
2938 3 1820 1821
2939 1 1820 1822
2940 4 1819 1820
2941 11 744 745
2942 11 1425 1426
2943 5 1436 1438
2944 7 1436 1439
2945 3 1436 1442
2946 5 1429 1431
2947 7 1429 1432
2948 3 1429 1435
2949 8 3537 3542
2950 9 3109 3459
2951 13 3109 3162
2952 3 1435 1436
2953 1 1435 1437
2954 11 1439 1440
2956 3 1442 1443
2957 1 1442 1444
2958 5 1443 1445
2959 7 1443 1446
2960 3 1443 1449
2961 4 1434 1435
2962 3 1449 1450
2963 1 1449 1451
2964 4 2107 2108
2965 3 2108 2109
2966 1 2108 2110
2967 2 2108 2111
2968 4 1441 1442
2969 4 1448 1449
2970 5 1450 1452
2971 7 1450 1453
2972 3 1450 1456
2973 4 2444 2445
2974 3 2445 2446
2975 1 2445 2447
2976 4 1427 1428
2977 3 1428 1429
2978 1 1428 1430
2979 5 1422 1424
2980 7 1422 1425
2981 3 1422 1428
2982 4 79 80
2983 5 60 62
2984 7 60 63
2985 3 60 66
2986 3 66 67
2987 1 66 68
2988 4 65 66
2989 11 63 64
2990 11 70 71
2991 5 67 69
2992 7 67 70
2993 3 67 73
2994 3 73 74
2995 1 73 75
2996 5 74 76
2997 7 74 77
2998 3 74 80
2999 11 77 78
3000 4 72 73
3001 3 80 81
3002 1 80 82
3003 11 2463 2464
3005 4 2458 2459
3006 3 1757 1758
3007 1 1757 1759
3008 4 2430 2431
3009 5 81 83
3010 7 81 84
3011 3 81 87
3012 4 2409 2410
3013 11 98 99
3014 3 101 102
3015 1 101 103
3016 3 2431 2432
3017 1 2431 2433
3018 4 1756 1757
3019 3 87 88
3020 1 87 89
3021 5 88 90
3022 7 88 91
3023 3 88 94
3024 4 100 101
3025 5 95 97
3026 7 95 98
3027 3 95 101
3028 3 94 95
3029 1 94 96
3030 4 2423 2424
3031 4 1749 1750
3032 5 1751 1753
3033 7 1751 1754
3034 3 1751 1757
3035 3 2424 2425
3036 1 2424 2426
3037 4 93 94
3038 4 86 87
3039 11 84 85
3040 11 91 92
3041 4 2416 2417
3042 3 2417 2418
3043 1 2417 2419
3044 5 2425 2427
3045 7 2425 2428
3046 3 2425 2431
3047 13 3220 3222
3048 12 3220 3557
3049 11 1754 1755
3050 3 1750 1751
3051 1 1750 1752
3052 9 3157 3479
3053 13 3157 3341
3054 4 1742 1743
3055 11 1747 1748
3056 5 1744 1746
3057 7 1744 1747
3058 3 1744 1750
3059 3 1743 1744
3060 1 1743 1745
3061 11 1740 1741
3062 13 3218 3220
3063 5 1737 1739
3064 7 1737 1740
3065 3 1737 1743
3066 3 1736 1737
3067 1 1736 1738
3068 4 1735 1736
3069 13 3212 3216
3070 13 3212 3218
3071 8 3595 3596
3072 4 739 740
3073 8 3555 3556
3074 13 3206 3210
3075 12 3210 3595
3076 13 3210 3216
3077 13 3110 3201
3078 9 3110 3460
3079 8 3538 3543
3080 13 3208 3210
3081 12 3201 3538
3082 13 3201 3208
3083 13 3172 3201
3084 14 2959 2960
3086 15 2959 2971
3087 4 2122 2123
3088 3 2123 2124
3089 1 2123 2125
3090 5 2117 2119
3091 7 2117 2120
3092 3 2117 2123
3093 9 3148 3478
3094 12 3162 3537
3095 13 3162 3168
3096 13 3162 3163
3097 13 3153 3319
3098 8 3582 3588
3099 13 3147 3149
3100 13 3147 3155
3101 13 3147 3151
3102 13 3147 3153
3103 13 3149 3160
3104 13 3160 3163
3105 12 3160 3582
3106 13 3144 3160
3107 9 3144 3476
3108 13 3168 3170
3109 13 3152 3275
3110 9 3143 3475
3111 13 3143 3229
3112 4 2129 2130
3113 4 1420 1421
3114 11 2120 2121
3115 17 2871 2874
3116 18 2871 2875
3117 18 2871 2876
3118 14 2869 2870
3120 15 2869 2881
3121 3 1421 1422
3122 1 1421 1423
3123 4 1405 1406
3124 3 1406 1407
3125 1 1406 1408
3126 2 1406 1409
3127 17 2870 2871
3128 18 2870 2872
3129 18 2870 2873
3130 5 1415 1417
3131 7 1415 1418
3132 3 1415 1421
3133 4 1413 1414
3134 3 1414 1415
3135 1 1414 1416
3136 11 1411 1412
3137 5 1407 1410
3138 7 1407 1411
3139 3 1407 1414
3140 4 394 395
3141 3 409 410
3142 1 409 411
3143 5 403 405
3144 7 403 406
3145 3 403 409
3146 3 395 396
3147 1 395 397
3148 3 402 403
3149 1 402 404
3150 4 401 402
3151 4 2099 2100
3152 3 2100 2101
3153 1 2100 2102
3154 13 3307 3351
3155 9 3307 3502
3156 11 399 400
3157 5 396 398
3158 7 396 399
3159 3 396 402
3160 6 2101 2105
3161 5 2101 2103
3162 7 2101 2104
3163 11 2104 2106
3164 9 3439 3515
3165 11 406 407
3166 13 3185 3212
3167 13 3185 3341
3168 8 3450 3520
3169 13 3333 3337
3170 13 3429 3432
3171 12 3429 3450
3172 13 3349 3350
3173 13 3343 3345
3174 13 3343 3349
3175 9 3315 3504
3176 13 3315 3341
3177 13 3341 3344
3178 13 3350 3353
3179 13 3350 3352
3180 9 3352 3506
3181 13 3187 3343
3182 13 3187 3212
3183 13 3348 3350
3184 13 3337 3344
3185 13 3337 3346
3186 13 3303 3429
3187 13 3303 3339
3188 13 3339 3346
3189 13 3339 3348
3190 13 3305 3431
3191 13 3305 3339
3192 13 3335 3337
3193 13 3338 3347
3194 13 3338 3345
3195 13 3334 3338
3196 13 3146 3154
3197 13 3146 3148
3198 13 3146 3150
3199 13 3146 3152
3200 13 3151 3275
3201 13 3275 3284
3202 13 3275 3277
3203 13 3170 3172
3204 13 3170 3175
3205 13 3207 3211
3206 13 3154 3170
3207 13 3183 3330
3208 13 3183 3199
3209 13 3328 3335
3210 13 3199 3207
3211 13 3175 3199
3212 13 3179 3328
3213 13 3179 3199
3214 13 3182 3328
3215 13 3182 3198
3216 13 3290 3328
3217 13 3284 3287
3218 13 3287 3293
3219 13 3287 3290
3220 13 3254 3287
3221 13 3293 3326
3222 13 3142 3229
3223 9 3142 3474
3224 13 3238 3272
3225 13 3227 3233
3226 13 3227 3231
3227 13 3227 3235
3228 12 3227 3454
3229 13 3229 3238
3230 13 3229 3230
3231 9 3230 3488
3232 13 3272 3277
3233 13 3236 3273
3234 13 3228 3234
3235 12 3228 3577
3236 13 3228 3236
3237 13 3228 3232
3238 13 3233 3354
3239 8 3562 3564
3240 13 3235 3272
3241 12 3354 3562
3242 13 3354 3355
3243 13 3232 3354
3244 9 3234 3490
3245 13 3355 3370
3246 4 2015 2016
3247 11 427 428
3248 4 408 409
3249 4 1313 1314
3250 3 1321 1322
3251 1 1321 1323
3252 11 1325 1326
3253 4 1320 1321
3254 4 443 444
3255 11 420 421
3256 3 444 445
3257 1 444 446
3258 3 416 417
3259 1 416 418
3260 5 410 412
3261 7 410 413
3262 3 410 416
3263 4 422 423
3264 5 417 419
3265 7 417 420
3266 3 417 423
3267 3 423 424
3268 1 423 425
3269 5 424 426
3270 7 424 427
3271 3 424 430
3272 11 413 414
3273 3 430 431
3274 1 430 432
3275 4 429 430
3276 4 415 416
3277 4 450 451
3278 4 2071 2072
3279 3 2079 2080
3280 1 2079 2081
3281 4 457 458
3282 11 455 456
3283 3 451 452
3284 1 451 453
3285 3 2072 2073
3286 1 2072 2074
3287 13 3438 3439
3288 13 3438 3440
3289 11 2076 2077
3290 5 2073 2075
3291 7 2073 2076
3292 3 2073 2079
3293 9 3440 3516
3294 8 3580 3586
3295 5 2066 2068
3296 7 2066 2069
3297 3 2066 2072
3298 11 2069 2070
3299 12 3448 3580
3300 12 3448 3581
3301 13 3436 3438
3302 13 3425 3432
3303 13 3425 3434
3304 13 3304 3340
3305 13 3304 3431
3306 13 3428 3435
3307 13 3396 3448
3308 13 3396 3427
3309 13 3431 3433
3310 13 3431 3437
3311 13 3437 3438
3312 13 3424 3426
3313 13 3427 3436
3314 13 3427 3434
3315 10 3427 3514
3316 13 3426 3433
3317 13 3426 3435
3318 13 3423 3425
3319 13 3422 3426
3320 13 3414 3422
3321 13 3390 3414
3322 13 3390 3443
3323 13 3395 3428
3324 13 3395 3448
3325 13 3416 3423
3326 13 3297 3326
3327 13 3297 3416
3328 13 3252 3373
3329 13 3248 3272
3330 13 3387 3414
3331 13 3326 3334
3332 13 3384 3416
3333 13 3381 3407
3334 13 3381 3383
3335 13 3370 3375
3336 13 3418 3424
3337 13 3253 3407
3338 13 3255 3288
3339 13 3382 3387
3340 13 3382 3384
3341 13 3385 3418
3342 13 3301 3418
3343 13 3301 3326
3344 13 3380 3382
3345 13 3246 3248
3346 13 3246 3255
3347 13 3246 3250
3348 13 3246 3253
3349 13 3250 3373
3350 13 3373 3375
3351 13 3373 3380
3352 13 3383 3385
3353 13 3383 3388
3354 13 3376 3407
3355 13 3125 3383
3356 3 2016 2017
3357 1 2016 2018
3358 4 1903 1904
3359 8 3577 3583
3360 4 2022 2023
3361 5 2017 2019
3362 7 2017 2020
3363 3 2017 2023
3364 3 1540 1541
3365 1 1540 1542
3366 11 1544 1545
3367 5 1541 1543
3368 7 1541 1544
3369 3 1541 1547
3370 11 2027 2028
3371 5 2024 2026
3372 7 2024 2027
3373 3 2024 2030
3374 13 3116 3371
3375 9 3116 3466
3376 3 2023 2024
3377 1 2023 2025
3378 13 3371 3376
3379 13 3371 3377
3380 5 1527 1529
3381 7 1527 1530
3382 3 1527 1533
3383 5 431 433
3384 7 431 434
3385 3 431 437
3386 11 2020 2021
3387 5 438 440
3388 7 438 441
3389 3 438 444
3390 11 2034 2035
3391 3 437 438
3392 1 437 439
3393 11 434 435
3394 5 2031 2033
3395 7 2031 2034
3396 3 2031 2037
3397 4 2029 2030
3398 3 2030 2031
3399 1 2030 2032
3400 4 436 437
3401 3 2037 2038
3402 1 2037 2039
3403 5 2038 2040
3404 7 2038 2041
3405 3 2038 2044
3406 5 2045 2047
3407 7 2045 2048
3408 3 2045 2051
3409 3 2044 2045
3410 1 2044 2046
3411 11 2048 2049
3412 4 2036 2037
3413 4 2050 2051
3414 5 1863 1865
3415 7 1863 1866
3416 3 1863 1869
3417 3 2051 2052
3418 1 2051 2053
3419 5 2052 2054
3420 7 2052 2055
3421 3 2052 2058
3422 11 2055 2056
3424 4 2064 2065
3425 5 1856 1858
3426 7 1856 1859
3427 3 1856 1862
3428 3 1855 1856
3429 1 1855 1857
3430 11 1859 1860
3431 3 2065 2066
3432 1 2065 2067
3433 11 2062 2063
3434 4 2057 2058
3435 3 2058 2059
3436 1 2058 2060
3437 5 2059 2061
3438 7 2059 2062
3439 3 2059 2065
3440 14 3064 3065
3442 15 3064 3076
3443 21 3072 3077
3444 15 3072 3078
3445 5 1849 1851
3446 7 1849 1852
3447 3 1849 1855
3449 4 1854 1855
3450 8 3581 3587
3451 13 3393 3445
3452 13 3393 3414
3453 3 1848 1849
3454 1 1848 1850
3455 13 3391 3415
3456 13 3391 3445
3457 9 3446 3518
3458 13 3445 3446
3459 13 3129 3445
3460 9 3129 3470
3462 5 1842 1844
3463 7 1842 1845
3464 3 1842 1848
3465 5 1835 1837
3466 7 1835 1838
3467 3 1835 1841
3468 4 1847 1848
3469 8 3541 3546
3470 4 1539 1540
3471 17 3005 3006
3472 18 3005 3007
3473 18 3005 3008
3474 3 1533 1534
3475 1 1533 1535
3476 13 3115 3370
3477 9 3115 3465
3478 13 3388 3415
3479 12 3126 3541
3480 13 3126 3127
3481 13 3120 3370
3482 5 1534 1536
3483 7 1534 1537
3484 3 1534 1540
3485 9 3127 3468
3486 8 3540 3545
3487 12 3442 3540
3488 13 3128 3442
3489 9 3128 3469
3490 13 3118 3120
3491 13 3118 3123
3492 13 3118 3121
3493 13 3118 3125
3494 13 3121 3126
3495 13 3123 3442
3498 14 3004 3005
3500 15 3004 3016
3501 5 1457 1459
3502 7 1457 1460
3503 3 1457 1463
3505 11 1516 1517
3506 5 1520 1522
3507 7 1520 1523
3508 3 1520 1526
3509 3 1526 1527
3510 1 1526 1528
3511 5 1513 1515
3512 7 1513 1516
3513 3 1513 1519
3514 3 1519 1520
3515 1 1519 1521
3516 4 1518 1519
3517 3 1512 1513
3518 1 1512 1514
3519 4 1511 1512
3520 3 1456 1457
3521 1 1456 1458
3522 4 1525 1526
3524 4 1462 1463
3525 4 2451 2452
3526 3 2452 2453
3527 1 2452 2454
3528 5 2446 2448
3529 7 2446 2449
3530 3 2446 2452
3531 4 2043 2044
3532 5 1506 1508
3533 7 1506 1509
3534 3 1506 1512
3535 14 2844 2847
3536 18 2844 2848
3537 18 2844 2849
3538 5 2460 2462
3539 7 2460 2463
3540 3 2460 2466
3541 3 2459 2460
3542 1 2459 2461
3544 15 2847 2853
3545 5 2467 2469
3546 7 2467 2470
3547 3 2467 2473
3548 11 2477 2478
3549 3 2466 2467
3550 1 2466 2468
3552 11 1509 1510
3553 5 2453 2455
3554 7 2453 2456
3555 3 2453 2459
3557 4 2465 2466
3558 5 2404 2406
3559 7 2404 2407
3560 3 2404 2410
3561 11 2414 2415
3562 3 2410 2411
3563 1 2410 2412
3564 14 2974 2975
3566 15 2974 2986
3567 5 2418 2420
3568 7 2418 2421
3569 3 2418 2424
3570 11 2421 2422
3571 17 2975 2976
3572 18 2975 2977
3573 18 2975 2978
3575 17 2976 2979
3576 18 2976 2980
3577 18 2976 2981
3579 15 2982 2988
3580 14 2979 2982
3581 18 2979 2983
3582 18 2979 2984
3583 5 2411 2413
3584 7 2411 2414
3585 3 2411 2417
3586 21 2907 2912
3587 15 2907 2913
3589 5 1730 1732
3590 7 1730 1733
3591 3 1730 1736
3593 3 1722 1723
3594 1 1722 1724
3595 4 1728 1729
3596 3 1729 1730
3597 1 1729 1731
3598 17 3006 3009
3599 18 3006 3010
3600 18 3006 3011
3602 14 3009 3012
3603 18 3009 3013
3604 18 3009 3014
3606 15 3012 3018
3608 5 1723 1725
3609 7 1723 1726
3610 3 1723 1729
3611 11 1831 1832
3613 4 1532 1533
3615 5 1828 1830
3616 7 1828 1831
3617 3 1828 1834
3618 5 1821 1823
3619 7 1821 1824
3620 3 1821 1827
3621 17 2960 2961
3622 18 2960 2962
3623 18 2960 2963
3624 17 2961 2964
3625 18 2961 2965
3626 18 2961 2966
3627 4 1455 1456
3628 16 2967 2972
3629 15 2967 2973
3630 14 2964 2967
3631 18 2964 2968
3632 18 2964 2969
3633 19 2877 1136
3635 19 2877 154
3636 19 2899 119
3638 19 2899 112
3639 19 2952 1551
3641 19 2952 1502
3642 19 2944 1572
3644 19 2944 1607
3645 19 2989 1985
3647 19 2989 1558
3648 19 2997 2372
3650 19 2997 1474
3651 19 3049 42
3653 19 3049 905
3654 19 2922 21
3656 19 2922 630
3657 19 3102 772
3659 19 3102 758
3660 19 3094 2330
3662 19 3094 2197
3663 19 3057 1481
3665 19 3057 1488
3666 19 2914 616
3668 19 2914 2722
3669 19 2929 1234
3671 19 2929 1248
3672 19 2809 1446
3674 19 2809 1817
3675 19 2817 2694
3677 19 2817 1227
3678 19 2884 2575
3680 19 2884 665
3681 19 3079 2589
3683 19 3079 1929
3684 19 2937 1038
3686 19 2937 1432
3687 19 3019 1220
3689 19 3019 1936
3690 19 3027 1901
3692 19 3027 1908
3693 19 2862 1523
3695 19 2862 1453
3696 19 3034 1367
3698 19 3034 567
3699 19 3042 1080
3700 20 1081 3047
3701 19 2839 2442
3703 19 2839 1031
3704 19 2832 651
3706 19 2832 2435
3707 19 2824 1866
3709 19 2824 2428
3710 19 2892 672
3712 19 2892 1705
3713 19 3087 2701
3714 20 2702 3092
3715 19 2854 1915
3717 19 2854 1530
3718 19 2959 1733
3720 19 2959 1824
3721 19 2869 2148
3723 19 2869 2141
3724 19 3064 1621
3726 19 3064 1614
3727 19 3072 2386
3728 20 2387 3077
3729 19 3004 1838
3731 19 3004 1537
3732 19 2847 2449
3734 19 2847 2041
3735 19 2974 2484
3737 19 2974 2456
3738 19 2982 1719
3740 19 2982 1852
3741 19 2907 2407
3742 20 2408 2912
3743 19 3012 1845
3745 19 3012 1726
