
5.98864073561336e-16 -0.280383513283504 0
0.00100000000000049 -0.215270433991315 0.0696369081713454
0.00200000000000051 -0.0415950854604505 -0.0247962552882257
0.00300000000000064 -0.0440675589260933 -0.00674118535106246
0.00400000000000066 0.371062849165112 0.0279612208154317
0.00500000000000055 0.251060573193925 0.0400623252032393
0.00600000000000057 0.240922572322537 0.065243179045485
0.0070000000000007 0.136195460916702 -0.00699824897716517
0.00800000000000072 0.521384881893094 0.0925876104734576
0.00900000000000061 0.145282721525486 0.103836965636645
0.0100000000000005 0.314965684210639 0.128592532264469
0.0110000000000005 -0.167957920199269 -0.00380379158562141
0.0120000000000007 -0.0519035611377323 0.0610163150168651
0.0130000000000007 -0.0372635463603182 0.102696478296908
0.0140000000000006 -0.119860075413122 0.123799876377809
0.0150000000000006 0.249027864619203 0.0549842966174104
0.0160000000000007 0.0491995136299787 0.0756523103260445
0.0170000000000006 0.133344249872946 0.143235916809996
0.0180000000000006 0.0270127174714995 0.14036038983722
0.0190000000000005 0.310805758325 0.0716378366084995
0.0200000000000005 0.068364849940215 0.15305352561516
0.0210000000000007 -0.1471683929136 0.0795425829799214
0.0220000000000007 -0.139552632908602 0.0979268452840082
0.0230000000000006 0.156438530489659 0.0981561574617116
0.0240000000000006 -0.0415840010060039 0.148679641024313
0.0250000000000005 -0.123922129586591 0.143281267054334
0.0260000000000006 -0.0605003597212396 0.161230222460097
0.0270000000000006 0.0464481722780209 0.157705470797183
0.0280000000000005 -0.045986978372834 0.0551223405181378
0.0290000000000005 0.122669444203266 0.104484526566532
0.0300000000000007 0.131313734307583 0.138931592722448
0.0310000000000007 -0.0074561666497877 0.206872167383922
0.0320000000000006 0.356029631082067 0.0852488980270169
0.0330000000000006 0.123904929217304 0.230366405269614
0.0340000000000005 0.43598496362835 0.0997078608880429
0.0350000000000006 0.488968950850123 0.295224235304585
0.0360000000000007 -0.025013053807161 0.147145066695047
0.0370000000000005 -0.0338457637585198 0.165592574737756
0.0380000000000006 -0.0207545255335929 0.257106171797223
0.0390000000000007 0.0959653683045803 0.159658803329752
0.0400000000000007 -0.206665790322704 0.167276922322238
0.0410000000000006 -0.305407756643598 0.107716339509673
0.0420000000000006 0.084609173496911 0.0882726434609669
0.0430000000000005 -0.0251441741011586 0.124180968591527
0.0440000000000007 0.150731316802081 0.151115923850868
0.0450000000000007 0.485181900609698 0.157043747229436
0.0460000000000006 0.29847699626616 0.202607379871015
0.0470000000000006 0.1723307109816 0.222159162129479
0.0480000000000007 0.343165720017164 0.213165775801653
0.0490000000000007 0.038399376790947 0.191815839382458
0.0500000000000006 0.0932297048936259 0.196618324080773
0.0510000000000005 0.24052366687116 0.124014493771884
0.0520000000000005 0.180527547167175 0.207686965270587
0.0530000000000007 0.121319251851743 0.207028047485802
0.0540000000000007 0.071652265827427 0.282085109164891
0.0550000000000006 0.221630499252144 0.132277706762079
0.0560000000000006 0.419063591915537 0.204886741134147
0.0570000000000007 0.306614767337227 0.151452682378066
0.0580000000000007 0.0546210511096548 0.194844448290307
0.0590000000000006 0.0236770944765955 0.132209062528707
0.0600000000000005 0.274825555012382 0.158681229449622
0.0610000000000005 0.164370275567722 0.300801508680703
0.0620000000000007 0.243579014399734 0.20432146759372
0.0630000000000007 0.370260210623008 0.179386239152976
0.0640000000000006 0.278822179915395 0.186757930883208
0.0650000000000006 0.0522580662059199 0.200913664640125
0.0660000000000007 0.43201758230487 0.180599730153574
0.0670000000000008 0.0602750696500831 0.254256988061896
0.0680000000000007 0.154427732968508 0.298324901835381
0.0690000000000005 0.438292623735586 0.31857643327924
0.0700000000000006 0.106447974373258 0.245434255505987
0.0710000000000007 0.231235766257808 0.229169604403818
0.0720000000000007 0.377622318094407 0.313381756123165
0.0730000000000006 0.591395663863825 0.336244348797463
0.0740000000000006 0.11816577339137 0.192461639671962
0.0750000000000008 0.349717187641541 0.19915495173208
0.0760000000000007 0.0631032969653491 0.174363247192683
0.0770000000000007 0.411820566172471 0.238319517137713
0.0780000000000006 0.561454533553661 0.301015021127509
0.0790000000000006 0.439321204243688 0.276564517690006
0.0800000000000007 0.226644026358154 0.273610883641979
0.0810000000000006 0.224368424850301 0.298837706869837
0.0820000000000005 0.0924538536833659 0.186574907578488
0.0830000000000006 0.23213823624545 0.295717582900977
0.0840000000000005 0.169393353728195 0.264180014528816
0.0850000000000007 0.238721038847978 0.315535395483857
0.0860000000000006 0.55468566634066 0.268695300423701
0.0870000000000005 0.388197986742365 0.278597349846458
0.0880000000000006 0.179394126273564 0.23359718108172
0.0890000000000007 -0.0858972865059638 0.224405686821535
0.0900000000000006 0.304694885403903 0.310198854748852
0.0910000000000005 0.346854762197393 0.283095307024728
0.0920000000000007 0.329140833569946 0.359603114649667
0.0930000000000005 0.180580264666191 0.335186945222454
0.0940000000000007 0.61223305003902 0.421447285523803
0.0950000000000006 0.270434617759811 0.288259163050615
0.0960000000000005 0.452202666280054 0.291774785622017
0.0970000000000006 0.38511601402999 0.252218848721078
0.0980000000000007 0.389244195613692 0.376343448066017
0.0990000000000006 0.743261159988403 0.345201610981241
0.100000000000001 0.0745871507123663 0.314039940301513
0.101000000000001 0.128146212638915 0.236796887446106
0.102000000000001 0.514070056086655 0.362947303513742
0.103000000000001 0.461165240777065 0.316578003412724
0.104000000000001 0.0813146715125481 0.265919845692947
0.105 0.258763890803914 0.390418614242759
0.106000000000001 0.280860576528984 0.248742140347841
0.107000000000001 0.42053647221434 0.34982419150756
0.108000000000001 0.216802818478766 0.456208446091782
0.109000000000001 0.251495552169049 0.337659227964408
0.11 0.188046661321111 0.347408412314202
0.111000000000001 0.339605827017653 0.316243491777098
0.112000000000001 0.297152543198103 0.269155079630894
0.113000000000001 0.279079448782801 0.3062956417229
0.114 0.0314283412203625 0.265606195742346
0.115000000000001 0.451594898871021 0.377034184370235
0.116000000000001 0.491403150894901 0.433950879551891
0.117000000000001 0.289639393073935 0.24970124979739
0.118000000000001 0.258309037773566 0.345956540282494
0.119 0.33279793579538 0.451184300986426
0.120000000000001 0.551977809742891 0.304647539299744
0.121000000000001 0.379241306463899 0.414953283814002
0.122000000000001 0.602064336423781 0.379232240866262
0.123000000000001 0.46283141228541 0.450815365775933
0.124000000000001 0.394240660613695 0.545151594773432
0.125000000000001 0.389180251424366 0.320102321181689
0.126000000000001 0.265225092580531 0.429827878368981
0.127000000000001 0.54944375291989 0.352471708277161
0.128 0.755723414032793 0.490792556230544
0.129000000000001 0.673819176578151 0.39009446726201
0.130000000000001 0.557603868340756 0.414854147143808
0.131000000000001 0.602330855449971 0.470471798666715
0.132000000000001 0.367669842466661 0.398037953736619
0.133000000000001 0.112636485251674 0.363936942732898
0.134000000000001 0.185297143716109 0.410327936661311
0.135000000000001 0.57821109252056 0.390850663334428
0.136000000000001 0.468387730582606 0.541138141861375
0.137 0.491652440410254 0.383442056901618
0.138000000000001 0.716381479332119 0.460504680349615
0.139000000000001 0.372900931364982 0.362504887420574
0.140000000000001 0.510379685218604 0.352176003159592
0.141000000000001 0.610769779433171 0.544312142034367
0.142000000000001 0.401192846862387 0.408461520998206
0.143000000000001 0.324512944318922 0.428418031373091
0.144000000000001 0.182905363631912 0.459544495173276
0.145000000000001 0.569876116766882 0.581808217352775
0.146 0.269830649311144 0.504037768399205
0.147000000000001 0.097251601929958 0.429443464094833
0.148000000000001 0.0415256643815366 0.452467068554803
0.149000000000001 0.0572895133288293 0.348246301476219
0.150000000000001 0.475444822297887 0.349338288008959
0.151000000000001 0.670937096232891 0.429169892223082
0.152000000000001 0.563352637654902 0.43657802714944
0.153000000000001 0.376864165613055 0.524261543088385
0.154000000000001 0.597119165702176 0.539782744091444
0.155 0.540331071101217 0.419372868399027
0.156000000000001 0.720499909742584 0.52033735145879
0.157000000000001 0.359782095338107 0.440210685452713
0.158000000000001 0.329916226585548 0.318895984448294
0.159000000000001 0.451282284282908 0.562672184432933
0.160000000000001 0.329961171873825 0.492319701468588
0.161000000000001 0.369699743664606 0.368214849504944
0.162000000000001 0.486799525170106 0.415970899859274
0.163000000000001 0.415169099745382 0.448407908378126
0.164000000000001 0.426168860984998 0.371870761269606
0.165000000000001 0.424932137114844 0.427587276206854
0.166000000000001 0.449137123200177 0.401936797836415
0.167000000000001 0.222536093382635 0.384052188182963
0.168000000000001 0.577057874496834 0.404012425086384
0.169000000000001 0.404323004738777 0.377874779660054
0.170000000000001 0.581578808745705 0.438389546442099
0.171000000000001 0.444806240645592 0.538602476325362
0.172000000000001 0.381927006300207 0.444277840131235
0.173000000000001 0.201614355877973 0.547800098051754
0.174000000000001 0.53100188340242 0.492621370874765
0.175000000000001 0.306417699147017 0.511824777789172
0.176000000000001 0.352998819790404 0.413563717634335
0.177000000000001 0.670906737664403 0.593244529357517
0.178 0.457096495543661 0.518806983590925
0.179000000000001 0.520327188011779 0.430962130293863
0.180000000000001 0.259221097180031 0.467898384371132
0.181000000000001 0.22726075861806 0.398519137257028
0.182000000000001 0.442942448315201 0.4149510458392
0.183000000000001 0.586170243161939 0.52297631774319
0.184000000000001 0.225673889556685 0.418062550242393
0.185000000000001 0.395638084298025 0.545891405203276
0.186000000000001 0.0853265227988415 0.423786523402612
0.187 0.366888581000959 0.520123760288169
0.188000000000001 0.342029892210457 0.390959257620641
0.189000000000001 0.495011831554076 0.562275105385226
0.190000000000001 0.590932470152689 0.518093736075169
0.191000000000001 0.595158155450329 0.439148547923172
0.192000000000001 0.704749481876631 0.414011674964481
0.193000000000001 0.587658024098041 0.49537512070526
0.194000000000001 0.471798976565386 0.522298833096243
0.195000000000001 0.413505756134457 0.498335908101431
0.196000000000001 0.312638086005142 0.656808423843898
0.197000000000001 0.237461672846492 0.420654394674525
0.198000000000001 0.598515225818116 0.388913717124282
0.199000000000001 0.50521481731411 0.513069835086259
0.200000000000001 0.69061841917042 0.587226783126989
0.201000000000001 0.430011968978246 0.522168728070797
0.202000000000001 0.623671569355145 0.522358591490501
0.203000000000001 0.702080135640258 0.48459041778456
0.204000000000001 0.936698597852962 0.494502395180072
0.205000000000001 0.57817446709432 0.554288372074451
0.206000000000001 0.523541397870481 0.508765120232991
0.207000000000001 0.442209847585393 0.533509883068288
0.208000000000001 0.551318307387059 0.571376254671384
0.209000000000001 0.601365016771112 0.538989785826337
0.210000000000001 0.690593462815869 0.469958216542769
0.211000000000001 0.855243911207913 0.61722831867599
0.212000000000001 0.816400190114346 0.646758583191122
0.213000000000001 0.482171770378777 0.647798109880638
0.214000000000001 0.340265184193109 0.425483698154541
0.215000000000001 0.53552255257584 0.495187235305946
0.216000000000001 0.458369774515736 0.443879299210431
0.217000000000001 0.660887402929397 0.500401271983466
0.218000000000001 0.578043693150932 0.548167718254364
0.219000000000001 0.324474538503335 0.45882994308671
0.220000000000001 0.572007095155549 0.609213058893496
0.221000000000001 0.681975758132464 0.600919868162766
0.222000000000001 0.328746009022405 0.5843702914688
0.223000000000001 0.406187909793783 0.40810981382016
0.224000000000001 0.959447887662942 0.608343399133738
0.225000000000001 0.380071372943515 0.672028794400852
0.226000000000001 0.618674571296602 0.571176346309611
0.227000000000001 0.849713584556854 0.650864980270003
0.228000000000001 0.4963289260536 0.695515790661062
0.229000000000001 0.413642037186859 0.588347406246436
0.230000000000001 0.408702220161515 0.536843491399865
0.231000000000001 0.727746554713191 0.57608669985671
0.232000000000001 0.58691314823447 0.654053269273933
0.233000000000001 0.673071407488722 0.611118444110163
0.234000000000001 0.266279768641843 0.698185180919457
0.235000000000001 0.386207819313463 0.698226153399288
0.236000000000001 0.609299310765282 0.621300261124265
0.237000000000001 0.526157166010456 0.638664252398953
0.238000000000001 0.294244062585895 0.647436402419652
0.239000000000001 0.616122984843923 0.585812553889828
0.240000000000001 0.696877262888438 0.719663236551249
0.241000000000001 0.503496302705584 0.708713616961186
0.242000000000001 0.550449050608655 0.56490546797563
0.243000000000001 0.739502125979666 0.632322666630254
0.244000000000001 0.353475147258047 0.614398495890321
0.245000000000001 0.45190837327448 0.693552692758708
0.246000000000001 0.745096644034326 0.712313169680203
0.247000000000001 0.445842845935126 0.577945693292564
0.248000000000001 0.488192431521006 0.687632965095363
0.249000000000001 0.547053012052101 0.567015314496079
0.250000000000001 0.851952990836052 0.739710067794901
0.251000000000001 0.806110558448017 0.706697676825556
0.252000000000001 0.852741847635563 0.683365671504154
0.253000000000001 0.674420707862393 0.711207684980173
0.254000000000001 0.774151768766467 0.788587893418056
0.255000000000001 0.855213699784634 0.736173763738502
0.256000000000001 0.461652177003344 0.619043677045421
0.257000000000001 0.585392710659217 0.679692225098397
0.258000000000001 0.509337426226295 0.786844089465161
0.259000000000001 0.934610693026016 0.774506757003357
0.260000000000001 0.617610027696733 0.82074377361894
0.261000000000001 0.928842674089612 0.74139184115802
0.262000000000001 0.836931563072796 0.705759683115217
0.263000000000001 0.997688506785188 0.744260118008292
0.264000000000001 0.538285331201549 0.758433556117031
0.265000000000001 0.855298247760015 0.621515523581965
0.266000000000001 0.707409315056693 0.719198578153957
0.267000000000001 0.991819822349733 0.816555100351588
0.268000000000001 0.824478285358291 0.633814809802872
0.269000000000001 0.693833288785562 0.675080902810462
0.270000000000001 0.89188086904568 0.704971425393627
0.271000000000001 0.883075538495213 0.696932623791834
0.272000000000001 0.715455341900316 0.729562945867987
0.273000000000001 0.808343896431155 0.665216168814747
0.274000000000001 0.422233589503572 0.678438913967691
0.275000000000001 0.990469105982556 0.766443467759366
0.276000000000001 0.678159924839481 0.815092489458843
0.277000000000001 0.692263981628077 0.778889194884416
0.278000000000001 0.884566112173117 0.791069306631502
0.279000000000001 0.877336183578263 0.673446409106379
0.280000000000001 0.467742910684875 0.673313687790789
0.281000000000001 0.797167186119627 0.709463230328547
0.282000000000001 0.827898988152594 0.833973206276986
0.283000000000001 0.830395510568817 0.735510851290673
0.284000000000001 0.579121843506848 0.641379346898022
0.285000000000001 0.960608955478368 0.646634833473419
0.286000000000001 1.03686000644787 0.751232412480099
0.287000000000001 0.853619947307969 0.868556427969107
0.288000000000001 1.13445001362684 0.693481206489112
0.289000000000001 0.861494880690129 0.831106768009302
0.290000000000001 0.646145518693542 0.73837904562219
0.291000000000001 0.70127361537147 0.760314748852863
0.292000000000001 0.593155752771147 0.707601954994505
0.293000000000001 0.838759853725211 0.818137056049381
0.294000000000001 0.988672379454132 0.819811232711176
0.295000000000001 0.748193220587413 0.701159042598574
0.296000000000001 0.633397508474368 0.693349136706055
0.297000000000001 1.04966862949982 0.827538866006762
0.298000000000001 1.0384108186666 0.809072832283544
0.299000000000001 1.06781250202892 0.866153302062415
0.300000000000001 0.531570596387134 0.630960576620458
0.301000000000001 0.82708230350344 0.774833312313981
0.302000000000001 0.675329614284035 0.663448139798
0.303000000000001 0.743638318314012 0.686543545512752
0.304000000000001 0.489341348804171 0.703428585792669
0.305000000000001 1.01142003037706 0.783310353864622
0.306000000000001 0.87235297247563 0.859698558990134
0.307000000000001 0.658348995980273 0.732715143261618
0.308000000000001 0.851359935347667 0.799315414761549
0.309000000000001 1.04203932204448 0.930013679051796
0.310000000000001 1.07656425914669 0.920152209132027
0.311000000000001 1.02098882811343 0.889476127559982
0.312000000000001 0.758445856250015 0.997994717053845
0.313000000000001 0.77322803493806 0.874589835430885
0.314000000000001 0.630532485646617 0.875418648907846
0.315000000000001 1.13109637910159 0.920147274686507
0.316000000000001 0.76792358941896 0.84982419619027
0.317000000000001 0.864123672429001 0.812275035961514
0.318000000000001 1.50401112478293 0.894220176128863
0.319000000000001 1.08346593334148 0.887288748682762
0.320000000000001 1.11211291960588 0.876018364542529
0.321000000000001 0.934328617657895 0.797904143194178
0.322000000000001 1.36994291097648 0.78969416264324
0.323000000000001 1.07207307764751 0.894140815483788
0.324000000000001 0.775226620510067 0.945110837688967
0.325000000000001 0.648440359965249 0.854212803022621
0.326000000000001 0.780033524792998 0.780100158181809
0.327000000000001 0.887215413233648 0.921986313112857
0.328000000000001 1.16185787623472 0.910448684414699
0.329000000000001 0.839565395098156 0.957455513047058
0.330000000000001 0.783223571934072 0.753857493930447
0.331000000000001 1.07905653190411 0.79689403935696
0.332000000000001 1.03245268110185 0.89828177839573
0.333000000000001 0.971932695412998 1.01090871376895
0.334000000000001 1.1664380173977 0.97326165269207
0.335000000000001 1.2533383515233 1.04384843401438
0.336000000000001 0.808809138226417 0.978224165577453
0.337000000000001 0.613205944156469 0.7781153381995
0.338000000000001 1.15058964531491 0.899705781553145
0.339000000000001 0.989614410241577 0.970760397583027
0.340000000000001 1.00593028331931 0.906455732265976
0.341000000000001 0.802679306354133 0.900240403475506
0.342000000000001 0.668830677468914 0.84942420243414
0.343000000000001 0.859500160083385 0.85015689526889
0.344000000000001 0.924731680704207 0.851694365886327
0.345000000000001 0.990035152681648 0.921694809208058
0.346000000000001 1.18219474163978 1.00506242655171
0.347000000000001 1.15321649912083 1.07681645306974
0.348000000000001 0.762061899589456 0.880057154880329
0.349000000000001 1.07752422075949 1.04384870645538
0.350000000000001 1.28713321165207 1.02606266423664
0.351000000000001 1.23367921512566 1.05558432963799
0.352000000000001 0.680914704108122 0.943266488929507
0.353000000000001 1.09831712014328 0.959035097433386
0.354000000000001 1.34713861702604 1.06319779984876
0.355000000000001 1.01240387471358 1.0091683326578
0.356000000000001 0.945662276845181 0.993933931921366
0.357000000000001 1.20777152754894 1.05613842147267
0.358000000000001 1.2108291240286 1.08161118531238
0.359000000000001 1.43430826172739 1.20949896343316
0.360000000000001 0.87759624562642 1.08010694341984
0.361000000000001 1.01676553800501 1.03694559773858
0.362000000000001 0.994341693189893 1.16219258140173
0.363000000000001 1.22694499555822 0.991425585355062
0.364000000000001 0.994268988068656 1.06405303574017
0.365000000000001 0.759087145117361 1.05887108670548
0.366000000000001 0.655251827583111 1.00399019657248
0.367000000000001 1.24728394050214 0.930700768999536
0.368000000000001 1.01834580316542 1.13225069915035
0.369000000000001 1.07281305941869 1.09614421150243
0.370000000000001 1.10904895250657 1.06554306042579
0.371000000000001 1.00321330756559 1.08661690914537
0.372000000000001 1.0427071002466 1.13667039931731
0.373000000000001 0.919641395031929 1.02441552064425
0.374000000000001 1.08808233429302 1.11409694607289
0.375000000000001 1.09639037471013 1.01885457433875
0.376000000000001 0.972847013288428 1.18468503450837
0.377000000000001 1.04195161069139 1.09379106930002
0.378000000000001 1.39801854471981 1.25500453188159
0.379000000000001 1.30257688232697 1.27285921435625
0.380000000000001 1.61814264373556 1.2104987200092
0.381000000000001 1.29246633147873 1.22695651641823
0.382000000000001 1.1859856673163 1.1964113765428
0.383000000000001 1.25935783330372 1.19189601132402
0.384000000000001 1.24367422564856 1.25680100975681
0.385000000000001 1.04914915643805 1.23445935084424
0.386000000000001 1.04865625307202 1.22656682788577
0.387000000000001 1.31552125308142 1.1914877559827
0.388000000000001 1.21641244029884 1.40761664811445
0.389000000000001 1.17377577537811 1.40846773660213
0.390000000000001 1.22126315775458 1.21912516673507
0.391000000000001 1.31891344092606 1.36436629286222
0.392000000000001 1.37660493683645 1.25987455786563
0.393000000000001 1.15095388947234 1.38321859277248
0.394000000000001 1.13771568642714 1.29555420906528
0.395000000000001 1.15561714551748 1.26496979345015
0.396000000000001 1.32352330801138 1.41363693381615
0.397000000000001 1.43938127177529 1.34467764397098
0.398000000000001 1.28076016608633 1.43513665087885
0.399000000000001 1.12518350638027 1.38925564284307
0.400000000000001 1.2165684172321 1.3721884819601
0.401000000000001 1.38967772198085 1.36218946468421
0.402000000000001 1.37526713315168 1.52903149006607
0.403000000000001 1.19026016259586 1.29692082752241
0.404000000000001 1.4645638688833 1.3053994750913
0.405000000000001 1.3676814510115 1.51957888733038
0.406000000000001 1.39677337327188 1.50249863448459
0.407000000000001 1.32577370544292 1.53438074362339
0.408000000000001 1.51028946996888 1.50644550990469
0.409000000000001 1.55366580485891 1.49135346924586
0.410000000000001 1.21719171134129 1.29309312203413
0.411000000000001 1.9260771380717 1.44524202692657
0.412000000000001 1.43306292864171 1.42553972064002
0.413000000000001 1.33854061718692 1.4029561277986
0.414000000000001 1.77833463967891 1.43820080655876
0.415000000000001 1.59144583769081 1.42707266029135
0.416000000000001 1.29639927897879 1.46191522426461
0.417000000000001 1.54461063529277 1.45607735081863
0.418000000000001 1.5820626523129 1.45466841039712
0.419000000000001 1.74888623559518 1.444707944407
0.420000000000001 1.6048054493734 1.55589728265763
0.421000000000001 1.4393258729364 1.5672914313275
0.422000000000001 1.41326742874121 1.47903805942719
0.423000000000001 1.30236373193834 1.54796026068379
0.424000000000001 1.22362535185069 1.54734648696212
0.425000000000001 1.57351671417496 1.45442463503145
0.426000000000001 1.47927182115441 1.53512217420002
0.427000000000001 1.92560660417361 1.60244020747509
0.428000000000001 1.7311727933812 1.58477839192827
0.429000000000001 1.6232731152435 1.67057726495373
0.430000000000001 1.82555762312769 1.61269114079057
0.431000000000001 1.56042026986345 1.58736360186733
0.432000000000001 1.68033433020133 1.65234873787742
0.433000000000001 1.83096103872982 1.5421598284403
0.434000000000001 1.65455523694067 1.60595597265334
0.435000000000001 1.8233110509106 1.71342908914831
0.436000000000001 2.03564729913776 1.70558674161472
0.437000000000001 1.66749108520662 1.70594565673581
0.438000000000001 1.47776070381548 1.59778920853476
0.439000000000001 1.41464303357957 1.61901353577032
0.440000000000001 1.78169963327346 1.63935983027442
0.441000000000001 1.61630982025981 1.71195625606768
0.442000000000001 1.75201578373205 1.69275638980532
0.443000000000001 1.54109644668184 1.64870892679918
0.444000000000001 1.57262335364247 1.72920623941802
0.445000000000001 1.70232438707062 1.75014966037069
0.446000000000001 1.82118692044554 1.6588818941106
0.447000000000001 1.55652993050637 1.69716189221664
0.448000000000001 1.47159574335268 1.69268804594416
0.449000000000001 1.71136925042125 1.72624257436862
0.450000000000001 1.69572975507434 1.6896474630003
0.451000000000001 1.73250539235439 1.72736201509734
0.452000000000001 1.88239626645981 1.71370656403148
0.453000000000001 1.92978031066705 1.78843334776428
0.454000000000001 1.88742581220304 1.66218714903535
0.455000000000001 2.06220158695567 1.78926121906504
0.456000000000001 1.80934356682486 1.84239867249009
0.457000000000001 1.72473032615883 1.8573283641328
0.458000000000001 1.90165023608242 1.75540162546106
0.459000000000001 1.68100056796183 1.86801067380977
0.460000000000001 1.71678732553173 1.7688174975419
0.461000000000001 1.70320406092242 1.94485241242261
0.462000000000001 1.88294009699375 1.82673820596706
0.463000000000001 1.83948717856149 1.91697137168258
0.464000000000001 2.00062773677183 1.80414757301773
0.465000000000001 1.87275631122522 1.90309237932833
0.466000000000001 2.16588382935981 1.92207192487086
0.467000000000001 1.8550285959065 1.91223170003143
0.468000000000001 1.82205925227411 1.89562382668453
0.469000000000001 2.21797712962726 1.95921086573146
0.470000000000001 1.9876373879028 1.93864738121218
0.471000000000001 1.99897356569021 1.98854459065931
0.472000000000001 1.77009333243167 2.00212877098338
0.473000000000001 1.84667196418703 1.92336950043532
0.474000000000001 2.14912536264632 1.9915745887585
0.475000000000001 2.11428343204067 1.98244498005403
0.476000000000001 1.84784693347444 1.97818605712932
0.477000000000001 2.15158177035698 1.96674605508502
0.478000000000001 2.25478934023493 2.10573327052246
0.479000000000001 2.16764645229711 2.09078774227753
0.480000000000001 1.73395467746268 2.05027616517874
0.481000000000001 1.98504275510408 2.06257730573399
0.482000000000001 1.7946535724804 2.08103001261987
0.483000000000001 1.87333494515458 2.05010365745098
0.484000000000001 2.00913349342916 2.09548229928868
0.485000000000001 1.83076011447616 2.03205265200557
0.486000000000001 2.30033324898429 2.07643643460572
0.487000000000001 2.34321825890066 2.09323502859135
0.488000000000001 2.06457788218781 2.0462308634649
0.489000000000001 2.16885608137638 2.03362168096005
0.490000000000001 2.46756596663841 2.26366525824929
0.491000000000001 2.20555784463569 2.1190345574972
0.492000000000001 2.13985148458338 2.16879420508562
0.493000000000001 2.18087648073256 2.20248485896953
0.494000000000001 2.34559090201367 2.26117129986408
0.495000000000001 2.19121102290319 2.27424591885356
0.496000000000001 2.29481978722465 2.26827978078781
0.497000000000001 2.08165096945165 2.27298784076791
0.498000000000001 2.20564767220267 2.34662049590715
0.499000000000001 2.17138017360556 2.26499823484954
0.500000000000001 2.45784579769467 2.22201921973105
0.501000000000001 2.2903404453379 2.34571633546628
0.502000000000001 2.39203794677312 2.25680068190362
0.503000000000001 2.24207919818413 2.21310237985606
0.504000000000001 2.37418893421811 2.37497625907749
0.505000000000001 2.15309880900566 2.37603834451123
0.506000000000001 2.40216372437637 2.3495376603286
0.507000000000001 2.35855007723967 2.40580386337989
0.508000000000001 2.55312236076732 2.4308054760027
0.509000000000001 2.3705725832738 2.3282563611916
0.510000000000001 2.33829652325321 2.49355961504492
0.511000000000001 2.47092277968477 2.48870023783996
0.512000000000001 2.62288080193119 2.5023198052334
0.513000000000001 2.69388257555911 2.40148466399392
0.514000000000001 2.1069187239376 2.61541363808226
0.515000000000001 2.49889331388293 2.52547553047664
0.516000000000001 2.35589504188198 2.67275542751443
0.517000000000001 2.38188723457717 2.45613470396844
0.518000000000001 2.60810598876487 2.54763517964034
0.519000000000001 2.52828740194888 2.54661193922089
0.520000000000001 2.70860781515483 2.61663228836165
0.521000000000001 2.53273219201464 2.61295685801346
0.522000000000001 2.5179038993651 2.68341450319396
0.523000000000001 2.68838459252669 2.74304242020314
0.524000000000001 2.27799906729351 2.60495816119363
0.525000000000001 2.60606552231199 2.62666286363174
0.526000000000001 2.28177050933134 2.65072308966215
0.527000000000001 3.02332891115649 2.69889144305178
0.528000000000001 2.8324952296635 2.70385147213057
0.529000000000001 2.58641779409802 2.5267106811164
0.530000000000001 2.67314599861157 2.65551752704691
0.531000000000001 2.90410478211532 2.82471204493475
0.532000000000001 2.67073048302702 2.70859325455671
0.533000000000001 2.91414508673308 2.87072899810106
0.534000000000001 2.89927961649223 2.82645345783047
0.535000000000001 2.76374996907067 2.83044715275318
0.536000000000001 2.85424854806184 2.79339484684456
0.537000000000001 3.05826822318797 2.92334347016592
0.538000000000001 2.88047858135067 2.93895748461841
0.539000000000001 2.79645518021483 2.96739477950425
0.540000000000001 2.9636821522168 3.00738045884236
0.541000000000001 3.11277081872751 2.97203397188804
0.542000000000001 2.90883425949103 2.98271565913072
0.543000000000001 2.89322820315326 3.01105505564247
0.544000000000001 2.96128238493031 3.08271470761275
0.545000000000001 2.87011251315227 2.97726507545073
0.546000000000001 2.71671288661116 2.98978161397711
0.547000000000001 2.98026656257091 3.06538241645572
0.548000000000001 3.00888800029233 3.07674545558579
0.549000000000001 2.97570220627553 3.07440647540493
0.550000000000001 3.12336488000075 3.04593673574043
0.551000000000001 3.0244307060237 3.18363360129013
0.552000000000001 2.94899501613833 3.12190598520159
0.553000000000001 3.04940159923781 3.15638853061586
0.554000000000001 3.06446972649034 3.11093783520477
0.555000000000001 3.33829667690276 3.25547984398749
0.556000000000001 3.26810930880033 3.16920032970656
0.557000000000001 3.25236215248372 3.15726661990967
0.558000000000001 3.36077534921086 3.23995245909796
0.559000000000001 3.52125411382309 3.24101189516505
0.560000000000001 3.20666027938463 3.24041246123636
0.561000000000001 3.16822008379911 3.25061828774385
0.562000000000001 3.14743902865478 3.15014281276121
0.563000000000001 3.49587890571906 3.23936772518973
0.564000000000001 3.52243099372971 3.36637423653085
0.565000000000001 3.01404894207015 3.30875462627978
0.566000000000001 3.33392794546654 3.24395849976587
0.567000000000001 3.58471930623207 3.48962107330244
0.568000000000001 3.52172821591224 3.57115292003496
0.569000000000001 3.39065539872507 3.29410487958348
0.570000000000001 3.36500959166564 3.37639306657586
0.571000000000001 3.41891656914905 3.54325536654446
0.572000000000001 3.68235672951183 3.45843798225521
0.573000000000001 3.52293476136289 3.49301576198142
0.574000000000001 3.35610248617281 3.43882505738773
0.575000000000001 3.64579943243063 3.50911899554523
0.576000000000001 3.55475490253613 3.50860404201977
0.577000000000001 3.61638098813844 3.59761735985911
0.578000000000001 3.68262710425265 3.57909177608137
0.579000000000001 3.7410539403075 3.55238984572043
0.580000000000001 3.71603544592215 3.73839823872888
0.581000000000001 3.44549910280895 3.6372088219322
0.582000000000001 3.38320930588017 3.58242084447224
0.583000000000001 3.65419782641253 3.7053208134579
0.584000000000001 3.40200501480832 3.7297832845871
0.585000000000001 3.74164403613281 3.69563641962669
0.586000000000001 3.76400620012429 3.76062841223388
0.587000000000001 3.54153420971105 3.7336047325512
0.588000000000001 4.07677231827537 3.69051435421629
0.589000000000001 3.94464420532796 3.86736313863751
0.590000000000001 4.12573838474971 3.66800533917164
0.591000000000001 3.97268106128672 3.84974698285077
0.592000000000001 3.84993154729092 3.8070767455198
0.593000000000001 3.75149783121682 3.82404475316913
0.594000000000001 3.8667346392401 3.87045421465825
0.595000000000001 4.12803700431281 3.91903841110312
0.596000000000001 4.05605814099524 3.99596256287539
0.597000000000001 4.01103355577616 3.88242848995171
0.598000000000001 4.16309168507177 3.99163993101424
0.599000000000001 3.95304743376899 3.9409410929259
0.600000000000001 4.10068799955309 4.09367275051679
0.601000000000001 3.87517260816979 4.08036271046968
0.602000000000001 3.79824915731028 4.02188201742162
0.603000000000001 3.9328355368154 4.01927191332586
0.604000000000001 3.81026377953675 4.07149386033709
0.605000000000001 4.05478867190831 4.13947206158009
0.606000000000001 3.99472558953032 4.03603988409691
0.607000000000001 3.7544240863754 4.09981671993805
0.608000000000001 3.86011070492375 4.15618837837915
0.609000000000001 4.07008336665865 4.02399932512359
0.610000000000001 4.05607734869162 4.07931421312013
0.611000000000001 4.1469574339462 4.11861586351357
0.612000000000001 4.05368751213445 4.18043873753117
0.613000000000001 3.98316983996773 4.15188250662561
0.614000000000001 4.00586314312145 4.20476372949768
0.615000000000001 4.11317345092185 4.23023208327206
0.616000000000001 4.36848790121123 4.36346391849991
0.617000000000001 4.31581568822654 4.31230008138691
0.618000000000001 3.89996161167378 4.29547783749693
0.619000000000001 3.99072511707238 4.26754964037314
0.620000000000001 4.31598575670635 4.33001334154347
0.621000000000001 4.16591100379215 4.38136281132701
0.622000000000001 4.25530395405246 4.29833573060056
0.623000000000001 4.67179632211635 4.43146598817137
0.624000000000001 4.63817461525115 4.44880795363229
0.625000000000001 4.64821119276361 4.41158528214548
0.626000000000001 4.55911054381935 4.47509727531267
0.627000000000001 4.2241473151134 4.49666402807879
0.628000000000001 4.44688251161416 4.32603245460813
0.629000000000001 4.38542251800358 4.46868734676324
0.630000000000001 4.44106370416188 4.53904660298268
0.631000000000001 4.54668497472839 4.43528613950453
0.632000000000001 4.5608236402996 4.53121360467317
0.633000000000001 4.49027795836819 4.60978801630085
0.634000000000001 4.6683164447074 4.48291705173015
0.635000000000001 4.80290454684818 4.63195670524818
0.636000000000001 4.44678764085367 4.58387249309654
0.637000000000001 4.61522778150128 4.66453528287822
0.638000000000001 4.97560332556271 4.79105094161266
0.639000000000001 4.67932096155066 4.72964815113915
0.640000000000001 4.90830608290868 4.76570766137872
0.641000000000001 4.87205033728977 4.82834023187899
0.642000000000001 4.6536227828033 4.77485196767905
0.643000000000001 4.50122122242643 4.7326322930001
0.644000000000001 4.71481128279834 4.79631986769153
0.645000000000001 4.66964319610375 4.76795334163117
0.646000000000001 4.7511616978098 4.89124739483259
0.647000000000001 4.94739753021416 4.92219573364436
0.648000000000001 4.84285820777566 4.90339202707064
0.649000000000001 4.86290556592721 4.81214753429661
0.650000000000001 5.01631735006642 4.91147904883798
0.651000000000001 4.89282243984354 4.97339586145331
0.652000000000001 4.83315296916583 4.95392935058664
0.653000000000001 4.84434537959564 4.97512141996044
0.654000000000001 5.01197859830757 5.00305988411257
0.655000000000001 4.82734357899511 5.00451799443057
0.656000000000001 5.13062106215278 5.10372435880964
0.657000000000001 5.10539790326092 5.1077651220788
0.658000000000001 5.04180194308537 5.15977528552772
0.659000000000001 4.95801676238958 5.14424077843962
0.660000000000001 5.34924159492211 5.19615624205656
0.661000000000001 5.37237921559539 5.18754618548454
0.662000000000001 5.1921649031275 5.28200591353059
0.663000000000001 5.2357503223769 5.20429782856726
0.664000000000001 5.17788305906095 5.25567565398963
0.665000000000001 5.41973486368933 5.27362759192518
0.666000000000001 5.2891537979726 5.31202396409185
0.667000000000001 5.04896657598799 5.26716587912241
0.668000000000001 5.4838672551638 5.32883096417753
0.669000000000001 5.37124101455429 5.31854210008542
0.670000000000001 5.37000973318699 5.35094145812652
0.671000000000001 5.20295456789612 5.35411981793373
0.672000000000001 5.36880438620013 5.28971108483847
0.673000000000001 5.41050781565791 5.40047648681938
0.674000000000001 5.31199169894167 5.41911306254194
0.675000000000001 5.59162419333078 5.4458945624733
0.676000000000001 5.4334826931152 5.50277122665023
0.677000000000001 5.5001340104211 5.48592287201206
0.678000000000001 5.44767109454727 5.5373455214644
0.679000000000001 5.33321950099574 5.48661189194431
0.680000000000001 5.68999008423352 5.52187626055993
0.681000000000001 5.59296562539435 5.62792983347164
0.682000000000001 5.46184686989425 5.62906176377513
0.683000000000001 5.83236385267588 5.63803770442708
0.684000000000001 5.64220735887864 5.70690451160954
0.685000000000001 5.7356351840325 5.70407355828142
0.686000000000001 5.66888580800425 5.69552907733626
0.687000000000001 5.79012916456842 5.73653302488145
0.688000000000001 5.76467859037197 5.73335069110745
0.689000000000001 5.81628627133204 5.85226546079796
0.690000000000001 5.99909969170207 5.82967270012577
0.691000000000001 5.72221910088559 5.78732834175185
0.692000000000001 5.82567388140616 5.78893305197751
0.693000000000001 5.82484722118791 5.81058611872747
0.694000000000001 5.87797081744674 5.77492471866862
0.695000000000001 6.07652765901162 5.95064724789663
0.696000000000001 5.77906194382093 5.95341639973844
0.697000000000001 5.99304559878197 5.88474424402002
0.698000000000001 5.9177770061719 5.97039946199602
0.699000000000001 6.03339749307684 5.97813614780021
0.700000000000001 6.03053127337123 6.03406661836805
0.701000000000001 6.01842148755879 6.07809903592535
0.702000000000001 5.94646194889366 6.05782411695648
0.703000000000001 6.18073986009703 6.12398782674423
0.704000000000001 5.95910267098622 6.1763894999609
0.705000000000001 5.87472275735266 5.99320560624929
0.706000000000001 6.01451792457234 6.08660563158689
0.707000000000001 6.08402416668926 6.06781483284133
0.708000000000001 6.13651945814394 6.27211870938765
0.709000000000001 6.1828663747129 6.22551179754933
0.710000000000001 5.91580621517349 6.0885452365995
0.711000000000001 6.02459540349889 6.10955893420855
0.712000000000001 6.02171801802119 6.17909692355961
0.713000000000001 6.41298234622156 6.25673987394149
0.714000000000001 6.22596964765239 6.21400300229737
0.715000000000001 6.20745376479955 6.28853669929722
0.716000000000001 6.29929144643189 6.27979886246272
0.717000000000001 6.61008713276612 6.35454730988574
0.718000000000001 6.47378240716776 6.36928532114442
0.719000000000001 6.61758286740956 6.41849108885906
0.720000000000001 6.19419047684612 6.43407805515328
0.721000000000001 6.4051934486421 6.40402054769609
0.722000000000001 6.48850617624273 6.5213095806966
0.723000000000001 6.43764103758257 6.43101573853004
0.724000000000001 6.52686961985977 6.48282186973324
0.725000000000001 6.51876299269794 6.52132688904218
0.726000000000001 6.30248314781402 6.50018033396706
0.727000000000001 6.47096370239218 6.39526180516446
0.728000000000001 6.40637702888634 6.58736626400134
0.729000000000001 6.40085241583099 6.52808288660057
0.730000000000001 6.44617093101402 6.52711372055764
0.731000000000001 6.71400467994638 6.68141821246914
0.732000000000001 6.44630123778826 6.56625261999086
0.733000000000001 6.60265740219406 6.67292718986114
0.734000000000001 6.30776922705797 6.56754366361484
0.735000000000001 6.6728368874138 6.51024996842052
0.736000000000001 6.7802619190048 6.71880121753509
0.737000000000001 6.76780881207904 6.69997194393092
0.738000000000001 6.72509414896389 6.65355912562026
0.739000000000001 6.51287610397699 6.69385083190475
0.740000000000001 6.64590546780585 6.6346885467817
0.741000000000001 6.73989818574471 6.76436331756623
0.742000000000001 6.66441454846481 6.85744979495825
0.743000000000001 6.75050336020047 6.81942868161166
0.744000000000001 7.00888700581953 6.9918939994557
0.745000000000001 7.0800786827885 6.88157753948274
0.746000000000001 7.04546183406087 6.95207601448997
0.747000000000001 7.01450909941265 7.06127835405798
0.748000000000001 6.90157035725219 6.91855213900417
0.749000000000001 6.99628834521245 7.01831209921006
0.750000000000001 7.11166948326607 7.0955293339523
0.751000000000001 7.16350077250277 7.13020067123244
0.752000000000001 7.15048061899174 7.09644997126203
0.753000000000001 6.92770677526138 7.16025007546992
0.754000000000001 7.15822759817966 7.18986413068452
0.755000000000001 7.04908100275918 7.24600300050279
0.756000000000001 7.41617293418066 7.19327900979244
0.757000000000001 7.15815993624788 7.20276036616396
0.758000000000001 7.29958794467839 7.18517938097088
0.759000000000001 7.2697274091439 7.20618887044194
0.760000000000001 7.13588470870769 7.2739978098207
0.761000000000001 7.38574682316736 7.26298324303176
0.762000000000001 7.49928216105297 7.39290759192216
0.763000000000001 7.31908577720496 7.36133982671749
0.764000000000001 7.32720831395706 7.39785914250947
0.765000000000001 7.50013671283063 7.49166666540776
0.766000000000001 7.46513138447922 7.53901469241567
0.767000000000001 7.43705320812303 7.55870079531469
0.768000000000001 7.43477426956729 7.49236873254451
0.769000000000001 7.69338691233542 7.56836864145624
0.770000000000001 7.69256929227735 7.57446414599651
0.771000000000001 7.71040459017194 7.64086003785418
0.772000000000001 7.77803250034351 7.63152533542522
0.773000000000001 7.89250081102461 7.73205112450188
0.774000000000001 7.70369681120443 7.81084262954895
0.775000000000001 8.07401338592528 7.73872737917403
0.776000000000001 7.71533941996237 7.8101368031624
0.777000000000001 7.83734191623727 7.75216881846949
0.778000000000001 7.90312000204741 7.8325554473173
0.779000000000001 7.72830394261681 7.88003706969139
0.780000000000001 7.74963744560491 7.86681055114764
0.781000000000001 7.93022882451191 7.8334522045713
0.782000000000001 7.82100898797817 7.89588229923243
0.783000000000001 7.8129332332477 7.89183924529226
0.784000000000001 7.93798551548378 7.94062400580751
0.785000000000001 8.00334437251984 8.00094576490411
0.786000000000001 7.83825481435944 8.07839523165235
0.787000000000001 8.18968868534122 8.01999281963113
0.788000000000001 8.02510065003509 8.15162597276141
0.789000000000001 8.3311191835371 8.18940099617973
0.790000000000001 8.19044577710945 8.27674612266764
0.791000000000001 8.05746146544331 8.23978372912264
0.792000000000001 8.4172837488035 8.34115512300438
0.793000000000001 8.29290955723417 8.40595104640995
0.794000000000001 8.38971347662545 8.20273284172174
0.795000000000001 8.18728464858339 8.32387466143027
0.796000000000001 8.2401198986621 8.40826928232149
0.797000000000001 8.57579375426135 8.39108990976457
0.798000000000001 8.56326119851301 8.53191712229055
0.799000000000001 8.78395193860705 8.62684046268434
0.800000000000001 8.42104346757409 8.51512438054577
0.801000000000001 8.23812953790297 8.48193265364664
0.802000000000001 8.44319260894064 8.4968684532799
0.803000000000001 8.66332169776789 8.66411700780671
0.804000000000001 8.64521831426728 8.65922108630866
0.805000000000001 8.70033852043346 8.6552403386347
0.806000000000001 8.54695018350488 8.69083975225473
0.807000000000001 8.68536444842231 8.66294059212782
0.808000000000001 8.67385600733934 8.68039818026896
0.809000000000001 8.87097722759692 8.80191593195877
0.810000000000001 8.65354405901474 8.75846375493253
0.811000000000001 8.8909938445513 8.68077633884646
0.812000000000001 9.02881675290262 8.82260784824348
0.813000000000001 8.62412363549025 8.82054943744132
0.814000000000001 9.01298620821475 8.89107718103893
0.815000000000001 8.75189069475325 8.92155754948465
0.816000000000001 8.89908491454882 8.87444643927169
0.817000000000001 8.89984629388401 8.88616031060445
0.818000000000001 8.89777327508741 8.99832524059451
0.819000000000001 9.04775781068929 8.9862919141432
0.820000000000001 9.12540731809703 9.18539037963747
0.821000000000001 9.08886587032937 9.08751704918329
0.822000000000001 9.26977860051737 9.13288562660745
0.823000000000001 9.51033873978137 9.24579804291381
0.824000000000001 9.38977745917308 9.22142301174654
0.825000000000001 9.25428626375648 9.23794679546806
0.826000000000001 9.33163365774827 9.25435954502223
0.827000000000001 9.24348712400381 9.14862567346926
0.828000000000001 9.32390242633529 9.17971380507436
0.829000000000001 9.16350141840451 9.24699627080747
0.830000000000001 9.17570675078555 9.2099139064376
0.831000000000001 9.38400687226299 9.43308953747593
0.832000000000001 9.26845020983074 9.51490631527966
0.833000000000001 9.5764936763012 9.47495269921377
0.834000000000001 9.58092654597666 9.60867888543052
0.835000000000001 9.4232508195678 9.54429391651164
0.836000000000001 9.48578052817139 9.45748481881949
0.837000000000001 9.65450059185928 9.58554802258425
0.838000000000001 9.4893217362579 9.59945322122291
0.839000000000001 9.32523864078408 9.54709098467672
0.840000000000001 9.65061393812663 9.727329490786
0.841000000000001 9.56216109849355 9.67002205383956
0.842000000000001 9.87466317888228 9.73201566468451
0.843000000000001 9.8479185734211 9.94616317596347
0.844000000000001 10.2132265849807 9.91291547271382
0.845000000000001 10.1588696388459 9.99654371290342
0.846000000000001 9.91493064801014 9.88334580677739
0.847000000000001 10.026581076944 9.93686790456413
0.848000000000001 10.0832045845106 9.96171581611173
0.849000000000001 9.99094614599477 10.1232968119363
0.850000000000001 10.0376834772368 10.1701554137839
0.851000000000001 10.5413898783016 10.2428440834498
0.852000000000001 9.9892363317415 10.1659527710938
0.853000000000001 10.1250541978266 10.2110488855462
0.854000000000001 10.2587767518176 10.2656744620524
0.855000000000001 10.5125107185437 10.3633759791063
0.856000000000001 10.4479402217229 10.4715510382488
0.857000000000001 10.2137010610145 10.4157924821672
0.858000000000001 10.4763801176189 10.4436100784864
0.859000000000001 10.3780063116933 10.4456834022843
0.860000000000001 10.3628943973124 10.4770859915627
0.861000000000001 10.4475025833658 10.4587844936582
0.862000000000001 10.6722598368796 10.6320290222357
0.863000000000001 10.682545577796 10.5612683395031
0.864000000000001 10.5957787153473 10.5907556820781
0.865000000000001 10.5851059778829 10.6126835042344
0.866000000000001 10.5945462917523 10.7004850470455
0.867000000000001 10.8582833895223 10.7167615386033
0.868000000000001 10.7340646954295 10.7382255704706
0.869000000000001 10.6738489993214 10.8247024663814
0.870000000000001 10.9293714764763 10.8554277407658
0.871000000000001 11.0759676049457 10.8288507839931
0.872000000000001 10.907330902917 10.8056309780356
0.873000000000001 10.9070563070688 10.9045705565057
0.874000000000001 11.1937921569435 10.9546270224058
0.875000000000001 11.1208789046574 11.0592884890325
0.876000000000001 11.07328923907 10.9172623500877
0.877000000000001 11.0767023965912 11.0255512154842
0.878000000000001 11.0339100597581 11.1269404602732
0.879000000000001 11.2542085624541 11.2127128328883
0.880000000000001 11.4939154266198 11.3589350468209
0.881000000000001 11.2406327929009 11.2608642831628
0.882000000000001 11.4103585062047 11.3486965585268
0.883000000000001 11.3999727542796 11.4489210120999
0.884000000000001 11.4080213095543 11.2837937149652
0.885000000000001 11.5529422006468 11.353645424898
0.886000000000001 11.268544651709 11.3696762643515
0.887000000000001 11.6687223427236 11.4221820386134
0.888000000000001 11.462042266133 11.4375546793832
0.889000000000001 11.4194590402419 11.4756186406494
0.890000000000001 11.4479306633061 11.4651295520963
0.891000000000001 11.5594533100407 11.5470803569164
0.892000000000001 11.2587803777246 11.5908841070718
0.893000000000001 11.4951291682232 11.543478266006
0.894000000000001 11.7568255894944 11.6733325976108
0.895000000000001 11.7084985515991 11.6729994252253
0.896000000000001 11.9328656778926 11.6224520961172
0.897000000000001 11.7240560684699 11.7395551041148
0.898000000000001 11.7174323517002 11.7499864760852
0.899000000000001 11.6861187446432 11.8095607046023
0.900000000000001 11.8891540441983 11.859070588981
0.901000000000001 11.9736046734548 11.9590064592275
0.902000000000001 11.8491768570949 11.9227460243116
0.903000000000001 12.2038218645765 11.9885365806957
0.904000000000001 12.0379298607192 12.01212660747
0.905000000000001 12.2627776139442 12.0471138998089
0.906000000000001 12.214895324544 12.1376300598067
0.907000000000001 12.4699602406575 12.2526362832534
0.908000000000001 12.2577896801987 12.2921747905858
0.909000000000001 12.2857186550975 12.2581196575705
0.910000000000001 12.4014835193284 12.3789199750679
0.911000000000001 12.3801532650319 12.4025509143743
0.912000000000001 12.4088509682859 12.4011111141283
0.913000000000001 12.4143473175192 12.3007529157773
0.914000000000001 12.2775124342713 12.3839830486027
0.915000000000001 12.5875130648029 12.4649197774676
0.916000000000001 12.707460601713 12.5808648739366
0.917000000000001 12.5729487187454 12.5794622171206
0.918000000000001 12.5723713800875 12.6390908469199
0.919000000000001 12.7892382885574 12.6501133384399
0.920000000000001 12.6828653134896 12.8308283810586
0.921000000000001 12.8619408854995 12.668269108262
0.922000000000001 12.6781344486301 12.796093233159
0.923000000000001 13.013116821162 12.878475994658
0.924000000000001 12.9949092448581 12.9122737666727
0.925000000000001 13.075930097282 13.0021545750227
0.926000000000001 12.8594549273629 12.8832808967248
0.927000000000001 12.9585792506366 12.863028305967
0.928000000000001 13.0985367385719 12.8589954543338
0.929000000000001 13.0217735344759 12.8954272720819
0.930000000000001 13.1854786189489 13.0472148311147
0.931000000000001 12.873469106964 12.9441013045328
0.932000000000001 12.9775546766887 12.9598403135798
0.933000000000001 13.1043953555778 13.0088549928842
0.934000000000001 12.9346877360125 13.1272478614238
0.935000000000001 13.4633113174631 13.1563737168173
0.936000000000001 13.4549411214536 13.1956141642783
0.937000000000001 13.3032063476884 13.2242956222456
0.938000000000001 13.4681798145709 13.3123100151213
0.939000000000001 13.5623501241582 13.2723308336403
0.940000000000001 13.5339328185077 13.3948011179949
0.941000000000001 13.7280366165313 13.3791701795552
0.942000000000001 13.559988593303 13.4380500769608
0.943000000000001 13.5657499620292 13.4153118082729
0.944000000000001 13.3821178802623 13.5790136467778
0.945000000000001 13.6680569445892 13.5643962943906
0.946000000000001 13.7543974261776 13.6638019968346
0.947000000000001 13.7276758568343 13.7505731259054
0.948000000000001 13.5275709228545 13.6867268817007
0.949000000000001 13.8851617103404 13.7119254733066
0.950000000000001 13.7260194580556 13.7729688852931
0.951000000000001 13.9677678389785 13.9106370880099
0.952000000000001 14.2108725851508 13.9711914209388
0.953000000000001 13.9157793748328 13.9736242573139
0.954000000000001 14.0721963057641 14.0627027743223
0.955000000000001 14.1191604481652 13.9602368509613
0.956000000000001 14.2226385624 14.0877379370102
0.957000000000001 14.0486227528966 14.0579931988531
0.958000000000001 14.0828958806223 14.1106292316744
0.959000000000001 13.9673260334719 14.0180376111635
0.960000000000001 13.975950658963 14.0236399650239
0.961000000000001 14.2776937308087 14.2562850471251
0.962000000000001 14.3097751352694 14.3141273573009
0.963000000000001 14.0707394647165 14.2991511972911
0.964000000000001 14.3659938598946 14.2488173185817
0.965000000000001 14.2549187135839 14.326435281621
0.966000000000001 14.288107835354 14.2863525316038
0.967000000000001 14.4592521107687 14.364896324229
0.968000000000001 14.50998098854 14.4223741126782
0.969000000000001 14.5250225908253 14.477466928677
0.970000000000001 14.6752227530635 14.5629847339828
0.971000000000001 14.6256521323713 14.6315216110292
0.972000000000001 14.5540645376296 14.6732933571443
0.973000000000001 14.5919445941699 14.7041317438706
0.974000000000001 14.680685041739 14.7186497922658
0.975000000000001 14.423116842581 14.6411878254647
0.976000000000001 14.5715323523819 14.6554137826368
0.977000000000001 14.5350141001003 14.6379833089317
0.978000000000001 14.8740777917986 14.8434619815435
0.979000000000001 14.6409744090748 14.8654187373431
0.980000000000001 14.8571196470936 14.963386517343
0.981000000000001 15.0397383318322 15.1283263995435
0.982000000000001 15.3949350441968 15.1680466222196
0.983000000000001 15.1270344727766 15.1880503225466
0.984000000000001 15.1603134043721 15.1540972398664
0.985000000000001 15.0203273216493 15.069500808883
0.986000000000001 15.2786115633151 15.1300849627282
0.987000000000001 15.3126202487702 15.2143924091048
0.988000000000001 15.2756050718091 15.3214862011337
0.989000000000001 15.1688818425047 15.1327865077068
0.990000000000001 15.1035827413025 15.1198308240344
0.991000000000001 15.175755808647 15.2604685837878
0.992000000000001 15.4080198432883 15.3813382505876
0.993000000000001 15.2484822004495 15.3560811510927
0.994000000000001 15.3796063259446 15.3976104845903
0.995000000000001 15.469139419525 15.4704596130368
0.996000000000001 15.6690560106537 15.4818077343045
0.997000000000001 15.7796643328263 15.6731460530612
0.998000000000001 15.3438871010075 15.5273475849028
0.999000000000001 15.7048267761183 15.6876228470315
1 15.5126650387012 15.6746769305416
