
-1.21856474370746e-16 -0.0329297175111411 0
0.000999999999999833 -0.0185082319774428 -0.00958564697480687
0.00199999999999979 0.111986298514847 0.0528482516969318
0.00299999999999987 -0.26861216498286 0.0444907939347865
0.00399999999999982 0.487279668816039 -0.0253381018754495
0.00499999999999978 0.179250548583827 0.134036056076364
0.00599999999999997 0.086871380529483 -0.0332207944089223
0.00699999999999993 0.075650428143255 0.0881314282660716
0.00799999999999989 -0.292515222528888 -0.00189952769236805
0.00899999999999996 -0.270987058008584 0.0125576230680778
0.00999999999999992 -0.0504228064736186 0.00728617835097758
0.0109999999999999 -0.362810624611114 0.0211421418092325
0.0119999999999998 0.114053757352406 -0.0709995081840426
0.0129999999999998 -0.0793861934586791 0.0659397972074004
0.0139999999999999 0.032522538759507 0.068473057950364
0.0149999999999998 -0.171485815194937 0.047407156469173
0.0159999999999998 -0.0799406538181839 0.139086071395132
0.017 -0.0548413584055887 -0.00181696788404523
0.0179999999999999 0.315478801802515 0.0983875064777507
0.0189999999999999 -0.0826938661165466 0.0806761314454567
0.02 -0.160115174888807 -0.0582721871020705
0.0209999999999999 0.199934168822351 0.117592164721195
0.0219999999999999 0.331317114887536 0.0693435826670566
0.0229999999999998 0.417704053801436 0.110671167517623
0.0239999999999998 -0.263770085041882 0.129184324298267
0.0249999999999999 -0.247161545363302 -0.0279684401996343
0.0259999999999998 0.0078988577400995 0.0335901492268559
0.0269999999999998 0.143716503558679 0.0531964060834777
0.028 0.15843774642151 -0.0452968526977959
0.0289999999999999 -0.022804849617018 0.0144647231621338
0.0299999999999999 -0.174037111142664 -0.0580231201753631
0.031 -0.0379530115726252 0.110866205425952
0.0319999999999999 0.0985586849839133 0.00925538077476103
0.0329999999999999 0.199638790000367 0.00952369618004323
0.0339999999999998 0.178624317380872 0.127755428203892
0.0349999999999998 -0.117086332698766 0.101161073703824
0.0359999999999998 -0.0812543767677993 0.026018937032992
0.0369999999999998 0.0849522299442817 0.0333807608331624
0.038 -0.248471211635685 0.0544557397176998
0.039 0.209353512473477 0.0271162415576812
0.0399999999999999 0.0330463541175985 0.0713314406508941
0.0409999999999999 -0.200379025777733 0.0284105786785782
0.0419999999999999 0.248621100988985 0.0568003518722066
0.0429999999999999 0.0196849767606187 0.17166736795392
0.0439999999999999 -0.061107248479325 0.0213353544151104
0.0449999999999998 0.216472297237366 0.110582147052955
0.0459999999999998 -0.00439281446154907 0.0120558134813904
0.0469999999999998 -0.0244510085364303 0.0504864644061164
0.0479999999999998 0.0620053334136415 0.138609216281079
0.049 -0.0627644348867324 0.0308990266653004
0.05 -0.0163981742701048 0.0930841708072703
0.0509999999999999 -0.19223001962883 0.153782138079659
0.0519999999999999 -0.278821671124619 -0.0454913661612122
0.0529999999999999 0.0274227686769466 0.0456176520497893
0.0539999999999999 0.129653757244268 0.028258161352713
0.0549999999999998 -0.132931711955093 -0.0569447134862905
0.0559999999999998 0.032130457395935 0.00851349667491763
0.0569999999999998 0.0224149912878733 0.113087079615881
0.0579999999999998 -0.0051402195086242 0.0470626451017232
0.0589999999999998 0.307650445032484 -0.00254021084624978
0.06 0.218824310485034 0.227257222650038
0.0609999999999999 -0.191512385710624 0.0407775670282089
0.0619999999999999 -0.00246647921659353 0.119498595803877
0.063 -0.26551968939763 -0.018078804823729
0.0639999999999999 -0.316536074804171 0.0222634449767447
0.0649999999999999 0.19341085060702 0.0562083903900838
0.0659999999999998 0.226336503285188 0.031135088051079
0.0669999999999998 0.52720459509929 0.132373862417361
0.0679999999999998 -0.141004679379509 0.103337611748356
0.0689999999999998 0.325410776440598 0.026757593767759
0.0699999999999998 0.14515442503415 0.113822995035605
0.071 0.127098206286629 0.0216153184857874
0.0719999999999999 0.199452170410828 0.109394978022182
0.0729999999999999 -0.0505355928439097 -0.0128769986791888
0.0739999999999998 0.000563419663701112 0.0116361389887042
0.0749999999999999 0.0714842703559006 0.138898126609462
0.0759999999999999 -0.184367846931244 0.167567911664659
0.0769999999999998 -0.155444277914996 0.0871958736901671
0.0779999999999998 -0.319779527799278 -0.0201369684451224
0.0789999999999998 0.506564456445633 -0.0312284800202537
0.0799999999999998 0.144053291811321 0.117026656607635
0.0809999999999998 0.245561485527317 0.0852248415140974
0.082 0.332402884138586 0.0969853987441456
0.0829999999999999 0.147493227436471 0.126876796842268
0.0839999999999999 -0.0421980324450414 0.116076299614725
0.085 0.095468349907291 0.10375302736314
0.0859999999999999 0.218083344437511 0.0508571812755215
0.0869999999999999 -0.036390644395106 0.086244513779924
0.0879999999999998 0.540763045324494 0.114646198963976
0.0889999999999998 0.66275187987643 0.139059793272325
0.0899999999999997 0.267815627772584 0.0731588968608876
0.0909999999999998 0.0650187193047365 0.0273324979375356
0.0919999999999998 -0.159348950026839 0.179846876754582
0.093 0.0542115278759886 0.0557443823648268
0.0939999999999999 0.114164393039125 0.125816971415942
0.0949999999999999 0.391226117049112 0.127000338501777
0.096 -0.1023175957732 0.0844274890590043
0.0969999999999999 0.0889840726991938 0.0389975079974232
0.098 -0.0132322448567755 0.0339269180908766
0.0989999999999999 -0.200134248344607 0.166577148812588
0.0999999999999999 -0.00596048571226282 0.0801709218871787
0.101 0.238040567536484 0.0513254662035357
0.102 0.0101937129966075 0.205826169499835
0.103 -0.0471457992522844 0.151423606632893
0.104 -0.0171213442307769 0.116449590036548
0.105 0.292614635759714 0.107424598008308
0.106 0.0547175912523086 0.0580309721301542
0.107 0.148011769441403 0.115063604463119
0.108 0.210348889049402 0.133257790556794
0.109 0.309296366178038 0.200920163133646
0.11 -0.014547016247996 0.100749738174685
0.111 -0.266005105718962 0.0758605302595076
0.112 -0.0693921650373076 0.14699940276785
0.113 -0.129760153349404 0.0614942329426334
0.114 -0.18771048359701 0.0255958635886913
0.115 0.362913396704319 0.048620372753128
0.116 0.15773227010201 0.188311661864191
0.117 0.058480932380155 -0.0400588412351997
0.118 -0.0387753536933738 0.0713416881065085
0.119 -0.250621806399764 0.0534370784785022
0.12 0.0152323833992806 0.0455760461528376
0.121 -0.294120360546934 0.062325439858999
0.122 -0.0799567528797907 0.115166757901608
0.123 0.215187377156444 0.0726121626110774
0.124 0.387146162024655 0.233582372069119
0.125 0.221519744136944 0.176470353151041
0.126 0.256130260489569 -0.093408121815534
0.127 -0.158062183023811 0.150745688773784
0.128 -0.133064715457284 0.0340291548139253
0.129 0.111957187543817 0.156361606146762
0.13 0.0101135501430433 0.0799960060144621
0.131 0.262154449798367 0.0993359866828786
0.132 0.0143422670842664 0.0601708234344272
0.133 0.0344437993473612 0.00298846207102604
0.134 0.494496263236964 0.140350552980866
0.135 0.273386187321904 0.205256244655292
0.136 0.0143290521382588 0.130963402754513
0.137 0.291582825209705 0.0694169530000128
0.138 -0.0579668045700487 0.142934260598197
0.139 -0.132800440210146 0.0416747524428196
0.14 0.0805893030995866 0.00595600408271907
0.141 0.445401165272966 0.0529441008825223
0.142 0.40710021188236 0.141495607452263
0.143 -0.151037566161632 0.109017565726035
0.144 0.110894477588684 0.107089432627611
0.145 0.302742964026143 0.11334139456862
0.146 -0.134340502527135 0.142840371455005
0.147 -0.235686830236076 0.0152734734271813
0.148 0.164721169819131 0.175786141582243
0.149 0.295215796451564 0.0441726518167286
0.15 0.352540804410177 0.0761830120016939
0.151 0.0603088016321122 0.263989018123149
0.152 0.0195867356726471 0.0155180282735167
0.153 -0.148754834164989 0.0629473154045436
0.154 -0.0380721191248417 0.0887540148350497
0.155 0.0431873101181612 0.0889765261761263
0.156 0.266310943787369 0.0511963260634902
0.157 -0.0270840972350905 0.111915790638467
0.158 0.294228530703088 0.101532692670049
0.159 0.2336391233175 0.111373220294519
0.16 -0.0281683757594559 0.0823599397442372
0.161 0.335626934841985 0.14158909551317
0.162 0.144784351034458 0.113521134619095
0.163 -0.0688112591416757 0.125516723233054
0.164 -0.0295918326179645 0.105669137150981
0.165 0.259853664333884 -0.12223683105348
0.166 0.119267017804237 0.162900129940447
0.167 0.261839191383921 0.145464564374621
0.168 -0.0186388716101633 0.085779146712564
0.169 -0.0592875211755517 0.109208952714354
0.17 0.133450821313755 0.0340647552230179
0.171 -0.0825855773111016 0.0650464543416338
0.172 0.201459825030505 0.0705137028805919
0.173 0.136054713758801 0.0900234477203238
0.174 0.066459673419741 0.0272166726893309
0.175 0.29771725225965 -0.0103731757383755
0.176 0.186579057755773 0.11234530505102
0.177 0.101912559969046 -0.0108255474532592
0.178 0.144798305265647 0.100629670243569
0.179 0.0361124108778918 0.0769899683418008
0.18 0.052395398665035 0.154723578639226
0.181 0.317444140643355 0.0802318217877145
0.182 0.0772898377766073 0.175304328080488
0.183 -0.119657996292467 0.0414240990279827
0.184 -0.0749598819453252 0.0494461138202706
0.185 0.0355831309158961 0.107141401350382
0.186 0.161272900648522 0.142808508214647
0.187 -0.0736201046752178 0.0997660440520737
0.188 -0.190364185859039 0.0404787577307229
0.189 0.0821961525511561 0.0954941576922248
0.19 -0.156377454220261 -0.0585869807388594
0.191 -0.268595140335541 -0.0803749184616142
0.192 -0.280391670137621 0.154103519204981
0.193 -0.0975454905832265 -0.0552508648894035
0.194 0.03275345003025 0.214862177646717
0.195 0.0562747826077846 0.0451887207097242
0.196 0.372058711808569 0.0938083469805331
0.197 0.281452578291945 0.176619811535318
0.198 0.385287541878249 0.163609840860411
0.199 0.382729446340419 0.0899988118348485
0.2 0.0723208712298853 0.101536431320575
0.201 -0.0663444884540903 0.0581307966383278
0.202 0.0556216549145611 0.00786080276799662
0.203 -0.0638911736978921 0.153676736729272
0.204 -0.0393995145252064 0.0910241396900593
0.205 0.0613303646627379 0.108880760156685
0.206 -0.141623006651364 0.106015301087601
0.207 -0.077444923115758 0.155268501036472
0.208 -0.0642313333976241 0.119121642973616
0.209 -0.0369035876424282 0.00528844597408521
0.21 -0.0649299277086974 0.0712476614515994
0.211 0.20069505150418 0.0382047408791389
0.212 -0.0989044283693728 0.0855133893889634
0.213 0.363974565031671 0.00690990499898954
0.214 0.365230714818927 0.107720389996976
0.215 0.0315092907668399 -0.0338573617957034
0.216 -0.0880205387738512 0.0121612686747868
0.217 0.283439419628894 0.0514046612527325
0.218 0.488717879676648 0.16123135357928
0.219 0.129640784236162 0.0397619200082437
0.22 0.0147189179480173 0.0650507301231678
0.221 0.0373829296139923 0.120520683923501
0.222 0.0732972843603679 0.00574987716143633
0.223 0.292303615483342 0.118039219012802
0.224 0.380645370107775 0.0450303427170266
0.225 0.206583118481322 0.218213676702174
0.226 0.300520547099284 0.0891611445717626
0.227 -0.152896040540509 0.139329183246231
0.228 -0.0199880932479604 -0.0188871823594388
0.229 0.172115586682347 0.125351034610079
0.23 -0.00810747937609156 0.0905625938821488
0.231 0.329110553997356 0.00441622715779828
0.232 0.271723226033974 0.13126570336635
0.233 0.13682885679767 0.0485729406592482
0.234 0.116762148254646 0.199458973544083
0.235 0.0609917697005012 0.215944319633124
0.236 0.0753743485909402 0.0478442791030605
0.237 -0.087207107988077 0.0234316583202479
0.238 0.0907338322158563 0.152684060933012
0.239 0.105581484232263 0.0953608049119771
0.24 -0.114867743200274 0.0935487977130421
0.241 0.0326660630714744 0.0965178769736585
0.242 -0.0240455283807361 0.0914650615449782
0.243 -0.126538860691796 0.0962624757417082
0.244 -0.114119412979658 0.0416198490567912
0.245 0.143003176028423 -0.00137599153267337
0.246 0.012582631603778 0.117773183158785
0.247 0.186981988787648 0.0935630188000353
0.248 0.199408166731164 0.103516386985208
0.249 -0.0734286544573713 0.00372866069026046
0.25 0.0854233523688522 0.00993056437287531
0.251 0.308808211437128 0.156803437147078
0.252 -0.0597715409022112 0.0658941501681542
0.253 -0.129088890678379 0.0534806410583154
0.254 -0.231470850892552 0.0418058297237337
0.255 0.0232414585042068 0.178775343479096
0.256 -0.119051590047876 0.144917907118589
0.257 -0.0127111389259599 0.000986323237366833
0.258 -0.0557463302000136 0.0206947808939931
0.259 -0.018708797364027 0.121027028568919
0.26 -0.101105950034353 -0.0381827258291411
0.261 0.129074806688532 0.113224856464525
0.262 -0.0398039556243322 0.166018288822315
0.263 0.0419904457557751 0.0922155467830148
0.264 0.111576179930577 0.0407033955106768
0.265 0.244823997232594 0.130669033853915
0.266 0.0395056091096588 0.00422418244507349
0.267 0.0292167017217999 0.0741243729796278
0.268 -0.0556986355747999 0.0646395751494984
0.269 0.0793132836163989 0.160337287281642
0.27 -0.0358586311647555 -0.00583543121805955
0.271 -0.0116653525074322 0.111651717529072
0.272 0.0747411429459638 0.0907567624312374
0.273 0.211971323810249 0.0665392045710964
0.274 0.0722764707691347 0.0844343121107404
0.275 0.148814724792851 0.0906673484107816
0.276 0.176622680108455 0.0749554168118908
0.277 0.0163154884317887 0.127349505111261
0.278 -0.0568259962370917 0.0729758907626478
0.279 0.125115632676728 0.134234606728428
0.28 0.0922130647105405 0.172275415370123
0.281 0.284574265896644 0.229468460494106
0.282 0.237734090001055 0.13100721167154
0.283 0.221715633362189 0.193917984436311
0.284 0.15637307924181 0.143856462805372
0.285 0.422706308076369 0.174934894979267
0.286 -0.000375237639689194 0.20114686092706
0.287 0.261461557022056 0.169341794015317
0.288 0.182481474567261 0.031591168786077
0.289 0.117151209308802 0.152029049823701
0.29 0.161467669959064 0.107447483498482
0.291 0.0193804077926943 0.172135916773032
0.292 -0.293728393805878 0.11437659031695
0.293 -0.139928984857137 0.0139011855356991
0.294 0.15065227296648 0.179863691096708
0.295 0.0122096688244094 0.150103041658662
0.296 -0.0521192163225011 0.146144117453331
0.297 0.0747655691884892 0.14902870171797
0.298 0.123440346271826 -0.0238490266966609
0.299 0.253289296545671 0.115509080523473
0.3 0.209282214467829 0.0895923443254951
0.301 0.128013335812318 0.102154239288406
0.302 0.586489401851083 0.110014981051589
0.303 0.0845067571703778 0.149408543076341
0.304 -0.267247781965944 0.122930142132915
0.305 0.06824371762906 0.0152779694300521
0.306 0.0516574313063421 0.152068387304077
0.307 0.20175467941631 0.0630962705922681
0.308 0.20074805982816 0.0748897387437742
0.309 0.452926527553096 0.20750220450404
0.31 0.0668695276013662 0.116095383564289
0.311 -0.0032522667347075 0.100225425711301
0.312 0.0182384621246676 0.124622414404913
0.313 -0.143363290100562 0.0797484421331638
0.314 0.0908831930980748 0.160278769607841
0.315 0.0115126793421169 0.0989402641656664
0.316 0.292804083404663 0.152777196855228
0.317 -0.00916738269543889 0.164806595289883
0.318 0.211473576325836 0.201738664774364
0.319 0.344498721317635 0.1048797627905
0.32 0.0297128582381677 0.0938994513503588
0.321 0.086098372703712 0.0890467809690322
0.322 -0.0734631540975516 0.123791515933217
0.323 0.123896522518415 0.0996153836137534
0.324 0.149547884581664 0.147027750558306
0.325 0.443788370464458 0.230045680034464
0.326 0.213952607561893 0.160582177998127
0.327 -0.0149324527832549 0.0919767290809846
0.328 0.249190506434943 0.172200096165737
0.329 0.131982936188185 0.127224334192344
0.33 -0.0210100850996524 0.0658260894859707
0.331 -0.200949626423589 0.168495756620738
0.332 0.307237913409929 0.169799729725764
0.333 -0.218754521893231 0.0623155995032377
0.334 0.0672184462960395 0.105605289901513
0.335 0.432111766587219 0.276162170135004
0.336 0.0766546156464003 0.0198497141619135
0.337 0.357962871660425 0.116505788393503
0.338 0.262668936590743 0.282234133740988
0.339 0.363187317564027 0.266821644678347
0.34 0.306864984495144 0.216231966658855
0.341 0.442638809506988 0.0439457942471533
0.342 0.163799156021014 0.143082413233128
0.343 0.328713646003913 0.147521660738975
0.344 0.283912285433332 0.265002945302579
0.345 0.168240638141862 0.135224699969129
0.346 0.0291760725062671 0.181123465887475
0.347 0.192438039429479 0.110972867655516
0.348 0.20585340423338 0.200726506263565
0.349 -0.327643094204221 0.070173503817649
0.35 -0.181076865657353 0.0320713005249366
0.351 0.0361738144343168 0.163523333081496
0.352 0.0101958902924143 0.146912431490689
0.353 -0.119620428255143 0.20375123212432
0.354 0.0986765259465196 0.150625926987678
0.355 0.209888501274246 0.152271625392435
0.356 -0.244683311938758 0.0834849819064019
0.357 0.00699221972783811 0.101619953898097
0.358 0.602343078178818 0.136200514052351
0.358999999999999 0.276548974425673 0.221968985607678
0.36 -0.0719579467348727 0.0154190162869785
0.361 0.219709408238631 0.209941531106501
0.362 0.609845897966709 0.301460607664593
0.363 0.310277606900997 0.0821892608155607
0.364 0.56738933598871 0.148411105282569
0.365 0.218776370483528 0.13708129285751
0.366 0.217161696672422 0.198939654567758
0.367 0.14690616585512 0.0980986423525386
0.368 0.186107040726578 0.158642714581751
0.369 0.0777666011309588 0.169279994651214
0.37 0.319631984250338 0.168653605255059
0.371 0.0446140156633116 0.150415282167131
0.372 -0.091785473417006 0.13763203454502
0.373 0.412264585511112 0.113047551573076
0.374 0.399554717266204 0.120476803068512
0.375 0.299451926277033 0.186398797054731
0.376 0.38579449773529 0.251514849220767
0.377 0.278056460947215 0.141556911054374
0.378 0.361132969102378 0.150831017267214
0.379 -0.0352676525940226 0.181796282258838
0.38 0.125025023132005 -0.00776259091012321
0.381 0.206807305067184 0.181458798965644
0.382 -0.140776166104432 0.265508580151189
0.383 0.119929697002822 0.150366571919027
0.384 0.366092430970885 0.175448131272512
0.385 -0.0730160536252728 0.183700316626719
0.386 0.238636552308939 0.0631724686096131
0.387 0.242405179651879 0.122382711844105
0.388 0.215977227398568 0.0830447741082985
0.389 0.134409215544031 0.0944685007641261
0.39 0.0824127956937731 0.0941608051081348
0.391 0.0234947786687327 0.0232742454585949
0.392 0.300671435152075 0.127438674907768
0.393 0.415894806975485 0.194674011911895
0.394 0.253804060160077 0.175624242671168
0.395 -0.220786360408809 0.0518387269237506
0.396 0.186188449687886 0.0358051574240172
0.397 0.0536268335665903 0.212511930622889
0.398 0.102364899678335 0.335518985306478
0.399 0.138917621670751 0.084118801381227
0.4 0.253632458397081 0.0933109173929616
0.401 0.108397708434441 0.07603516750967
0.402 0.213673543930328 0.0969103835730959
0.403 0.124238371028362 -0.0456416201869732
0.404 0.401736171765981 0.188728768924938
0.405 0.404604219719744 0.0773813339110835
0.406 0.111493360366246 0.12395227441378
0.407 0.266461506003734 0.170566251800909
0.408 0.358961309592277 0.12056581109375
0.409 0.276232545816194 -0.0481816242044364
0.41 0.178712049374876 0.0304014405389341
0.411 0.0449312202700607 0.0783077318236272
0.412 -0.0895830736931087 0.226548029465485
0.413 0.335403075454814 0.259819780761199
0.414 0.231747834561567 0.0932051203492511
0.415 -0.0232430317810865 0.0914364222307181
0.416 -0.125781952779753 0.167211282643323
0.417 0.0547097022098077 0.0506125550365027
0.418 0.0803845537349908 0.0912603205374875
0.419 0.255977589507247 0.246825520463495
0.42 -0.118059830916423 0.039561334942992
0.421 0.120702093610922 0.12777850985425
0.422 0.15878285487845 0.132831245498056
0.423 0.157429668472086 0.0624346335968172
0.424 0.350147927300919 0.196133038340513
0.425 -0.0814815887639272 0.171082271670637
0.426 0.061246757713292 -0.00384159763869349
0.427 0.0860693483351648 0.127407407505146
0.428 0.390934196995844 0.118913321304796
0.429 0.167562713024235 0.0857994846600412
0.43 0.153306892876883 0.13394877335528
0.431 0.207539554679855 0.140415988626343
0.432 0.12237172824909 0.0452654958853654
0.433 0.00116757203656557 0.146293140651053
0.434 0.180423048915466 0.137140442665245
0.435 0.134380624723956 0.166123334866161
0.436 -0.0878330350938698 0.0211271148098617
0.437 0.0463843324929018 0.0207744535568478
0.438 0.145074346976912 0.179497109552016
0.439 0.174180144444108 0.16958892868513
0.44 0.116089784112872 0.159979437619032
0.441 0.0259449201556648 0.0324351755504801
0.442 -0.0656752175065562 0.128748946981993
0.443 0.179150779398383 0.132139901204575
0.444 0.13493247990269 0.243601637537911
0.445 -0.109739353276844 0.0938102907004484
0.446 0.117558507508816 0.0133510779431241
0.447 -0.109469084885888 0.255399774022873
0.448 -0.0645580618531474 -0.0198196279826389
0.449 0.664554161703667 0.109603037821163
0.45 0.329595822002913 0.211398950185198
0.451 -0.0466879170142714 0.0130031544428107
0.452 0.190812621055362 0.093749970538989
0.453 0.191287473553334 0.141148883202874
0.454 0.433104915204141 0.110236224913038
0.455 0.192475002598904 0.093686077586651
0.456 -0.0216694883153925 0.121507281560651
0.457 0.129758801209054 0.174487455941224
0.458 0.0715403287107041 0.246638794841602
0.459 -0.123270513000162 0.0576418037858986
0.46 0.407488273581281 0.271820567808071
0.461 0.403076412989197 0.162317106933779
0.462 -0.0578517996507652 0.117544331674421
0.463 0.123990101861457 0.00135419418657705
0.464 0.347192911305334 0.169455903587602
0.465 0.179222529882351 0.200006226639277
0.466 0.13772263520666 0.00611674764678869
0.467 -0.0205609620999481 0.105327016199573
0.468 0.0735117380496104 0.114658858125983
0.469 -0.116953775592685 0.0237407515635161
0.47 0.270284829201371 0.207583565702331
0.471 -0.162617357136549 -0.158258594602892
0.472 0.182612038861579 0.183242471466379
0.473 0.211744106275458 0.112636570000601
0.474 0.274721351166157 0.255755801406511
0.475 0.083117282439328 0.237433211075742
0.476 0.493131349763108 0.0821671914860574
0.477 0.52688215573256 0.224080103017891
0.478 0.196620035401164 0.101117918549335
0.479 0.153538025518422 0.122942053809087
0.48 0.117116340674324 0.0242592036823055
0.481 0.0340011769544091 0.150897392971922
0.482 0.274041497786215 0.280044510740788
0.483 0.232030205082331 0.0804669438110324
0.484 0.26351584300365 0.188147443954147
0.485 -0.243217719142014 0.123936646610605
0.486 0.022953244037913 0.0521075974613262
0.487 0.140540424252093 0.147665677894592
0.488 0.178019738817847 0.144437868641096
0.489 0.201325683465017 0.193522943027473
0.489999999999999 0.0705445187620756 0.123760284572136
0.491 0.0664634945420546 0.0954730976407998
0.492 0.241205379442918 0.163483989116356
0.493 0.0668022923172231 0.0377184724384963
0.494 0.313368804457341 0.11401822185387
0.495 0.613645928587317 0.265169431399687
0.496 0.140675985102097 0.156759960078453
0.497 0.377689940437634 0.155824016214016
0.498 0.0451370580956735 0.140939483552934
0.499 0.0715710843963865 0.104383740223892
0.5 0.288847559056018 0.139356038219288
0.501 0.272137428628867 0.0693220035522112
0.502 0.362159878110672 0.294075242839338
0.503 0.250944542149074 0.17782710068889
0.504 0.173630937441538 0.0661658274555758
0.505 0.164410139512414 0.15557307134671
0.506 0.405113124238891 0.265335347013129
0.507 0.162096556505179 0.327471736307808
0.508 0.1606482927186 0.124156430391129
0.509 0.172250094394803 0.147289650190772
0.51 0.402532833761472 0.144133596322916
0.511 0.156708029305152 0.103178553521046
0.512 0.0948240005495363 0.0992173432172468
0.513 0.282055664908533 0.225073912701593
0.514 0.143375930727284 0.0886159690850064
0.515 0.00571463488945274 0.102959230009842
0.516 0.380967790208019 -0.0212575260620085
0.517 0.176398967567611 0.196485393093054
0.518 0.061184427397508 0.168424736088909
0.519 0.0710269454092153 0.182282020075857
0.52 0.0281242104030244 0.19086171156082
0.521 -0.161132700213508 0.283790025380879
0.522 -0.00672160997247156 0.122852593628252
0.523 0.359403714030872 0.0749537969977323
0.524 0.260198501987053 0.112714357938448
0.525 0.219580792100788 0.177633365830372
0.526 0.109578457042642 0.179771464174043
0.527 0.241107553564594 0.176326438445205
0.528 0.15557872351599 0.161060433618502
0.529 0.0129309549154066 0.0557934375557736
0.53 0.128510958118888 0.249715980041298
0.531 0.433534553240286 0.175183483589541
0.532 0.0842157409270714 0.209057638167046
0.533 0.30561019525321 0.209881714587448
0.534 0.408272807902684 0.228876674367554
0.535 0.301736973048687 0.254397798956596
0.536 0.268541105132597 0.1466250604008
0.537 0.216346037521807 0.0189343605688065
0.538 0.208606750515463 0.0875441809751646
0.539 0.0583144982511493 0.184930136763376
0.54 0.257681207602968 0.148832298564979
0.541 0.139766317375204 0.312043425671785
0.542 -0.0354464083801731 0.1476795862782
0.543 -0.00719249907237755 0.131403384792121
0.544 0.216265751230962 0.255316358397303
0.545 0.24036644710223 0.103483963648394
0.546 0.161740280087701 0.0904834459447953
0.547 0.30387123250793 0.288906333364854
0.548 -0.0746446560299932 0.122633612040666
0.549 0.189990051503414 0.0941960122494054
0.55 0.439096027730109 0.311945637826768
0.551 0.274820869835028 0.103100942366563
0.552 0.0112797998953606 0.0436956812697729
0.553 0.187245714856122 0.200773013143135
0.554 -0.0304287706163051 0.261088496817455
0.555 0.277360988670715 0.123818842543968
0.556 0.33590944723048 0.147789713575964
0.557 0.166787328019449 0.114100887912165
0.558 0.0845340816728709 -0.00367070509211935
0.559 0.223473469454448 0.0974027618896548
0.56 0.369238852565375 0.26725231132724
0.561 0.180124015222149 0.0914750092981251
0.562 0.147276779287994 0.176413548673209
0.563 0.190566779096297 0.211374824241844
0.564 0.0431863988210949 0.153467978955409
0.565 0.0601860355725921 0.0559747658192749
0.566 0.165563829056341 0.181214404331322
0.567 0.200088260835492 0.0821206253182302
0.568 -0.0106511640464662 0.0681292211420267
0.569 0.182891718347833 0.120847711805033
0.57 0.174568322295777 0.178801343739817
0.571 0.135213885086603 0.176102863653055
0.572 0.140935047079701 0.105603114690799
0.573 0.184500843875875 0.124510845908087
0.574 0.109109658496355 0.0399932017825146
0.575 -0.0217963819005262 0.120737237461431
0.576 0.0588076646296335 0.0936853027248456
0.577 -0.0918509838675994 0.0781440387110448
0.577999999999999 0.142114531532966 0.12062970747591
0.579 0.199474703575263 0.214792218951922
0.58 0.219095817198367 0.145248767511702
0.581 -0.0729573081999917 0.0709880602103208
0.582 0.117627571455158 0.161136502267013
0.583 0.304231520874223 0.282162764491118
0.584 -0.0979062852681526 0.258608532011315
0.585 0.177345827383413 0.000362837761091027
0.586 0.0552990750752895 0.17089252643969
0.587 0.054105030144855 0.166330099478262
0.588 0.207758683209977 0.215616828566782
0.589 0.0505331306406827 0.176184356028614
0.59 0.203310051538691 0.0865738302308564
0.591 0.169291347378639 0.130256067857737
0.592 0.179807316377479 0.198892663769074
0.593 0.228359145602094 0.0584734321768434
0.594 0.0509959186622666 0.0215753308339195
0.595 0.269233894058162 0.128410965620323
0.596 -0.102931984959772 0.192109654583412
0.597 0.10143411322263 0.0717817815206362
0.598 0.227445730156617 0.0940243019682614
0.599 0.179890674624661 0.265708670018919
0.6 0.0777486358195609 0.0872118766363003
0.601 0.343163561798955 0.0478300947417057
0.602 0.0509275071017516 0.023593361552498
0.603 0.192562642038779 0.271710705861423
0.604 0.152882402248311 0.109841676576672
0.605 0.190697361787892 0.103028418852821
0.606 0.0804411331152234 0.184959281434503
0.607 0.0826250975314163 -0.0497336460702227
0.608 -0.100572985789542 0.0403259699649843
0.609 0.0406901573695899 0.175106967796171
0.61 -0.0201969422220595 0.0646177671997693
0.611 0.015122990902234 0.145955940722183
0.612 0.361243292177621 0.269276643998362
0.613 -0.0284368046490394 0.189430482027232
0.614 -0.0883665919689997 0.00225104519969035
0.615 0.139256979804739 0.0865346631103649
0.616 -0.190878324384624 0.101127654025924
0.617 0.369083328455252 0.188903041863735
0.618 0.267969077469036 0.15653407741153
0.619 0.207902667395018 0.104585100767479
0.619999999999999 0.269247916070909 0.196819020218099
0.620999999999999 0.0383016658916814 0.204203265922521
0.622 0.286414878620479 0.239177329633378
0.623 0.216377991061599 0.0182315234787369
0.624 0.369350606082984 0.114788177994031
0.625 0.200432897124569 0.232656210481136
0.626 0.131030465562807 0.057750819531024
0.627 0.00591687585202847 0.0164151283005581
0.628 0.198314092946271 0.147853274601534
0.629 0.369475115337269 0.199919129729032
0.63 0.107965854643103 0.192958845635772
0.631 0.106966222998539 0.134948780660582
0.632 0.38796604815064 0.175514786083875
0.633 0.58655598083915 0.193608586331496
0.634 -0.0266078503757064 0.223888126681385
0.635 0.0906812442252482 -0.0248378324311894
0.636 -0.109965350194938 0.016748827549014
0.637 0.215571387797817 0.0900054512189952
0.638 0.249873326630412 0.129579225816442
0.639 0.237314047738522 0.296440388625599
0.64 0.0423616909060048 0.093661482378872
0.641 0.461910092810847 0.101835625976385
0.642 0.353957002487214 0.24738186802565
0.643 0.0173360840693259 0.0376539266762286
0.644 -0.0208856154784974 0.183129157991344
0.645 0.159486724627285 0.129884848556317
0.646 0.183987391247255 0.175746272365852
0.647 0.214275831096498 0.109129309750405
0.648 0.352991749765169 0.172031312004821
0.649 0.464718745594934 0.205157533754187
0.65 -0.103982930371689 0.168065691932659
0.651 0.075850493832063 0.0923252645486215
0.652 0.238125733145479 0.196921043734192
0.653 0.0142641386457355 0.193650884034398
0.654 0.0237673734670514 0.134813692026441
0.655 0.135702334453382 0.181430305625939
0.656 0.0615684775541019 0.212402808986823
0.657 0.122587409253844 0.218307606784053
0.658 0.336684801026304 0.146857089757198
0.659 0.283116163928707 0.095316846937452
0.66 0.335752416024363 0.229826003503271
0.661 0.247026469971305 0.200806037189924
0.662 0.349849591373565 0.147340911878022
0.662999999999999 0.0770947416585552 0.163734892138696
0.664 0.2673478947529 0.135276497231243
0.665 0.410545523429525 0.240833023007547
0.666 -0.193716982285498 0.00788492970110629
0.667 0.145416958975039 0.0805943958799113
0.668 0.274018620744109 0.0863007910848805
0.669 -0.265672374108116 0.139782080887859
0.67 -0.00769780752598698 0.125796666212828
0.671 0.273415957417692 0.192131236020054
0.672 -0.100380700251757 0.194951904222546
0.673 0.0558111892311639 0.0395478935449383
0.674 0.149869380023684 0.257583231760363
0.675 0.127738221901698 -0.0208464636208748
0.676 0.389034998944418 0.237730222761508
0.677 0.163797432103923 0.163378935483745
0.678 -0.140525426656375 0.119770580319552
0.679 0.0935970749337563 0.132038160071424
0.68 0.235591036521632 0.187720623873047
0.681 0.103024266926505 0.159282597653068
0.682 0.245729096250071 0.271692136880947
0.683 0.236674720193734 0.0749935871829348
0.684 0.151522516809892 0.337239893070498
0.685 0.0811279544653619 0.0954961428475393
0.686 0.23316268900588 0.182913004850778
0.687 0.131369951634826 0.096440888731767
0.688 0.290894002439605 0.100229900913894
0.689 0.339054282874642 0.172424209160824
0.69 0.133527728285589 0.18209278878669
0.691 0.295727202879541 0.162575261824858
0.692 0.406052840223647 0.184972468815412
0.693 -0.270068198078101 0.0601496216499816
0.694 0.0195733692071191 0.0949940831797485
0.695 -0.0263999966644858 0.138780730161562
0.696 0.0676291127903446 0.112101531173983
0.697 -0.00908214608835941 0.145460650251405
0.698 0.0971968230089222 0.224178729952147
0.699 0.278579644368774 0.105371213388683
0.7 -0.0865149633535564 0.0975348714652696
0.701 0.162114585655825 0.145800801127755
0.702 0.370778823746866 0.181220279901649
0.703 0.0496254259180346 0.20814482984947
0.704 0.151185886277364 0.214399855489205
0.705 0.235734663526333 0.0527210194557002
0.706 0.17268631707782 0.219482157441989
0.707 -0.169294424126877 0.148261871247776
0.707999999999999 -0.0555544819833171 0.0562129209126957
0.709 0.286760522164902 0.116435009032607
0.71 0.232075668341057 0.167965950302697
0.711 0.219400313186754 0.244493496664609
0.712 0.234580877905291 0.0958805607869496
0.713 0.267230087953583 0.125140091514551
0.714 0.212635458584902 0.188934225975489
0.715 0.131300111366917 0.0787386930604334
0.716 0.290498292293841 0.162239479240738
0.717 0.106696767602715 0.154110438974276
0.718 0.382295693759562 0.109790472358358
0.719 0.102048136171452 0.17699874816046
0.72 0.205568791449225 0.17414854523285
0.721 0.136625761360869 0.110086507306263
0.722 0.127889250139648 0.16448877813479
0.723 0.296410280506421 0.182321471139921
0.724 -0.0320800673163494 0.164949644194301
0.725 0.205686875470626 0.18115414710391
0.726 0.191984134723015 -0.00674231751294344
0.727 0.112711635473571 0.180487436571389
0.728 0.031884625604456 0.110625536470389
0.729 0.166944630691743 0.0423394830149269
0.73 0.0829642188797942 0.0863922676010935
0.731 -0.0614281138083208 0.0380893758037185
0.732 0.122679061330148 0.0570940433307682
0.733 0.181345951869028 0.197360352065052
0.734 0.0743508828697944 0.0220168376838412
0.735 0.230069764141506 0.16657466773418
0.736 0.0344386803700176 0.0350468379606827
0.737 -0.235902278748088 -0.127042922621584
0.738 0.0689105274278562 0.219460580208982
0.739 -0.0516632369887753 0.19274299618208
0.74 0.0388092464864062 0.104101185613163
0.741 -0.0217242186045005 0.219653554859726
0.742 0.387953829499355 0.161116683172393
0.743 0.130374242792936 0.0398316868266534
0.744 0.109825655221562 0.123198349318516
0.745 0.0344693281413312 0.114261333396957
0.746 -0.18215295140064 0.180992873723259
0.747 0.258997746531232 0.0294615098839084
0.748 0.127317505530905 0.181086619365463
0.749 0.169378472885953 0.110701928503396
0.75 0.267518478920439 0.148500167404267
0.750999999999999 0.255418445237459 0.143514592575061
0.752 0.000337030890785363 0.156752241647497
0.753 -0.07786091154245 0.125045787450277
0.754 0.250830662754559 0.173346988952161
0.755 0.00546384503672267 0.190736210870361
0.756 0.0583214788009172 0.231544979568234
0.757 0.182150586413385 0.214760172872216
0.758 0.183880867648364 0.0846977329282598
0.759 0.0415415106907863 0.216938550844167
0.76 0.049233495931891 0.0733959836509153
0.761 0.06653194129235 0.173647986513466
0.762 -0.116455928203843 -0.00357868301299603
0.763 0.28121591818202 0.103941146088726
0.764 -0.109020660533115 0.071362986545231
0.765 -0.286102729735026 0.0252267036340803
0.766 0.00358847283784045 0.101171906973412
0.767 0.280130661398581 0.269310599001337
0.768 0.230901896013123 0.206655491149522
0.769 -0.056121887296087 0.10144230798123
0.77 0.15527376018467 0.0566196760654172
0.771 0.307279249217662 0.19960480463682
0.772 0.237207037860174 0.192565074374312
0.773 0.168422930043667 -0.0146447123298306
0.774 0.0282303461856228 0.060520415954432
0.775 0.103562050792747 0.00993248676796677
0.776 0.199956374775778 0.0589679345207235
0.777 0.356767800418451 0.138521697685317
0.778 0.208170931707809 0.292527951502605
0.779 -0.0110455726446566 -0.0588736574653512
0.78 0.119789595620427 0.103759197130801
0.781 0.0847223145224058 0.157580105842972
0.782 -0.19300243850353 0.127358804777033
0.783 0.233972407615075 0.0669338443364883
0.784 0.22356393052683 0.0788677718333044
0.785 0.187938405631985 0.222578035507287
0.786 0.12338629416962 0.124471996592849
0.787 -0.0617331870736572 0.0252469540822556
0.788 0.119781630893417 0.0514330431249476
0.789 0.245942339823734 0.217461498704509
0.79 0.164193243773082 0.154185248448968
0.791 0.231705260254219 0.161088572927208
0.792 0.02759717494201 -0.0206867628037319
0.792999999999999 0.00872948320119398 0.0367531204894489
0.794 -0.121007749955792 -0.00953204255739147
0.795 0.169238437779901 0.107680576248363
0.796 -0.0717061821871846 0.150358194249024
0.797 -0.00544585340645465 0.0564985410813839
0.798 0.122868554306255 0.163164416727426
0.799 0.137805136800785 0.176909605275682
0.8 0.432339212150314 0.0699710490522196
0.801 -0.0283645568635128 0.16878525597151
0.802 -0.148723942726988 0.127071925056829
0.803 0.116667036777927 0.0701232610836317
0.804 0.3101713516913 0.183774521568214
0.805 -0.405548667102008 0.167088088207309
0.806 0.274324028332536 0.153801108253238
0.807 0.425703001098629 0.15351966870275
0.808 0.308619124998831 0.203278393376646
0.809 0.138547476719095 0.0494160951929437
0.81 0.33578988899436 0.206076464373241
0.811 0.367742572772948 0.109898740353924
0.812 0.560210400776763 0.207962680994793
0.813 0.403596531471258 0.1774096766322
0.814 0.15908384490948 0.0775082093810816
0.815 0.265848304857287 0.310068121754849
0.816 0.252823119856084 0.14735600013589
0.817 0.0378833187147904 0.190305255152605
0.818 0.480468609310082 0.33042635140868
0.819 0.168899932926748 0.21405738150146
0.82 -0.0431272157276977 0.0689677437248421
0.821 0.351530287376163 0.111514942500429
0.822 0.14926861444788 0.127597552009147
0.823 0.0924441542893035 0.103950507609373
0.824 -0.142685218888892 0.0795077501481822
0.825 -0.126926131189413 0.0625473987752883
0.826 0.138093394726476 0.183023389145743
0.827 0.161989710054282 0.183700198678923
0.828 0.16561094420204 0.177846107593985
0.829 0.180803025690153 0.174941946484452
0.83 0.221889578191867 0.236844169333104
0.831 0.282436371588022 0.138066962288885
0.832 0.0856284947481039 0.204301289243109
0.833 0.18535834557849 0.12133440609034
0.834 0.296909710882686 0.195786439688339
0.835 0.15428184052541 0.0563961444513171
0.836 0.105981493044374 0.227188066786466
0.837 -0.0717873716033432 0.277335165830431
0.837999999999999 -0.319011929064115 0.118799969672419
0.838999999999999 -0.270382674334333 0.00845402120869184
0.84 0.129526946229417 0.065796635588819
0.841 0.0218487055606549 0.271728860188705
0.842 -0.195593412986402 -0.0741040724287453
0.843 0.357554286979555 0.113239690782685
0.844 0.164621561871946 0.190967384321051
0.845 0.0913650170911715 -0.023307737470493
0.846 0.216448724851034 0.159448626691993
0.847 0.368572380997904 0.1549030786453
0.848 -0.0424495751716379 0.0348491006162816
0.849 0.255845133793251 -0.00261036701612294
0.85 0.387316208362642 0.212293826510635
0.851 0.134366896872831 0.197399525134731
0.852 0.276434639746955 0.173007332433193
0.853 0.281213748254417 0.151968095961738
0.854 -0.0292107880450036 0.149696003583159
0.855 0.423964802225234 0.198132824560211
0.856 0.0256957265173726 0.30010970697975
0.857 0.114907734587917 0.223732019905152
0.858 0.0320214619866719 0.095753048154497
0.859 0.0375792265993539 0.0181880470633225
0.86 0.347288833708383 0.118846405633286
0.861 0.339172233885986 0.238866050383791
0.862 0.125631872915102 0.192455624617056
0.863 0.229622572395502 0.179529474724002
0.864 0.270087726020397 0.193227584611797
0.865 0.332557535253619 0.149106406067276
0.866 0.0617983608514508 0.28794109266916
0.867 0.21698599427301 0.196984895786587
0.868 0.272901802319465 0.0875633778116918
0.869 0.148029623558646 0.131516655242022
0.87 0.333233193016933 0.135571024616941
0.871 0.063368173764307 0.193543105956006
0.872 0.0353662459311631 0.205959888773216
0.873 -0.0632100547294239 -0.00110134982751446
0.874 0.0948595508440214 0.175007493413471
0.875 -0.00581994516073911 0.100350046751843
0.876 -0.19545961409328 0.0816748945919923
0.877 0.00682821644305955 0.146266789904511
0.878 0.0369185840136943 0.074164645431967
0.879 0.0783907135055863 0.0892762089177221
0.88 -0.111487718689449 0.0698551917905741
0.880999999999999 0.207337146902716 -0.0411508091406406
0.882 0.25322765615031 0.308579705078287
0.883 0.0483962783973983 0.0696708976670634
0.884 0.21813135420692 0.0790075303844694
0.885 0.351933188303584 0.102683495300105
0.886 0.0562502515386683 0.139707700253943
0.887 0.377476375742517 0.23633296928729
0.888 0.0804007921345482 0.220811509312463
0.889 0.0878250259664089 -0.00544435987899851
0.89 0.54030223095183 0.204808717767638
0.891 0.518717052057433 0.215091360939356
0.892 0.182224549019306 0.229233943541038
0.893 -0.0707042222743282 0.0543307893714067
0.894 0.09328211240558 0.188582283215219
0.895 -0.182439097436605 0.121754612462151
0.896 0.296227061158233 0.016600775750847
0.897 -0.160943008167544 0.135068482447421
0.898 -0.0875112760071508 0.0123515935762402
0.899 0.209718438462409 0.180050267210844
0.9 0.239676233810743 0.152505767707204
0.901 0.0980227744832524 0.144921036925175
0.902 0.128311805688212 0.212453936752412
0.903 0.0518587191604936 0.118609306278935
0.904 0.164789378172591 0.0152851539057662
0.905 0.462003749994172 0.108117660809139
0.906 0.226157935644249 0.187975861646521
0.907 0.334549214719945 0.141167702529953
0.908 0.0908101785633727 0.329375842808933
0.909 0.0835222539486821 0.134140258014924
0.91 -0.00240295286281297 0.0557466797157004
0.911 0.111619364782681 0.0986628495216781
0.912 0.483002119528805 0.182062648950029
0.913 0.338342973543748 0.344814531939806
0.914 0.196393726082311 0.089641626903664
0.915 0.0464382597845815 0.154559463459364
0.916 0.0649041398948018 0.10172606454709
0.917 -0.122955367583997 0.133836186311286
0.918 0.0979617890816114 0.209302215084747
0.919 0.182926988806572 0.120953102550537
0.92 0.0552022684092674 0.072629398456694
0.921 0.65448356501694 0.185791890150049
0.922 0.436715575415174 0.119088084616855
0.923 0.216747239150284 0.195672080125113
0.923999999999999 0.313828636112517 0.145124960212745
0.925 0.0441069682225508 0.166274006216042
0.926 0.38037671781812 0.21320509926459
0.927 -0.0928938307914954 0.223944628871713
0.928 0.449459863296461 0.192223730340845
0.929 0.0196526380058722 0.153293981300773
0.93 0.0464376155955198 0.201885705300012
0.931 0.199712345082953 0.20070882162975
0.932 -0.174726873414872 0.113590130408527
0.933 0.114910901779771 0.100929727741894
0.934 -0.190266058391023 0.121602848654475
0.935 0.108074596815903 0.213490300190011
0.936 -0.089749559743401 0.202142707975547
0.937 0.18773357566836 0.0387275197303852
0.938 0.273638400644753 0.241164441733924
0.939 -0.0130864082713703 0.0997934633009504
0.94 -0.143591043511124 -0.0343098907663507
0.941 0.305074110597783 0.209281322539334
0.942 -0.0713794498856302 0.0956087464912259
0.943 0.286355962025926 0.19466292717006
0.944 -0.102739950750118 0.220450965386215
0.945 0.0233661764803339 0.143788877799561
0.946 -0.000522071195760464 0.100574009337188
0.947 -0.208232415257132 0.00790615056093602
0.948 0.117632592761785 0.141286387812076
0.949 0.149455655459831 0.195703506681388
0.95 0.068897060844974 0.23905516481921
0.951 0.1820510402556 0.145896762918921
0.952 -0.199332802411996 0.122233708589623
0.953 -0.0610173052088921 0.167082172172211
0.954 0.218095972431804 0.0926742759468534
0.955 0.102989925080712 0.187167380545416
0.956 0.107217616852134 0.136928474032588
0.957 -0.111394432079653 0.0972795275588295
0.958 0.292799834265047 0.0708081759140221
0.959 0.117419479384385 0.130459981764353
0.96 -0.0294341735482317 0.255877617867177
0.961 -0.0416013921731532 0.0789949504934798
0.962 -0.0465562076088271 0.171663951961941
0.963 0.16967613647283 0.0912710197579119
0.964 -0.117446371100319 0.129114592570962
0.965 -0.141507535922918 0.0497765258095374
0.966 0.117722216312547 0.147393977647223
0.967 -0.0941501646353085 0.116554440834585
0.968 0.179436871348166 0.109955104667915
0.968999999999999 -0.0342626437724988 0.0811029212397431
0.97 0.065384971060261 0.176681903555754
0.971 -0.122000994002652 0.230354622385938
0.972 0.0346505022320533 0.0994180326706416
0.973 0.230348494185555 0.211369283736614
0.974 0.101276836283993 0.270620052641662
0.975 -0.0987764306151649 0.143159966004845
0.976 0.221478617841264 0.169868854799794
0.977 -0.0757444133188331 -0.0837939972051358
0.978 0.118962699936445 0.150462297844554
0.979 0.369817588493989 0.155262219660935
0.98 -0.131626599332713 0.000528136001209753
0.981 -0.0705165459711314 -0.0223320938823469
0.982 0.143007102277029 0.121198848958849
0.983 0.271268940568107 0.121639552837554
0.984 0.223069123574582 0.131036448456291
0.985 0.0661423227907161 0.157401445954304
0.986 -0.0365434073919573 0.0322220910038709
0.987 -0.0581606171372527 0.158397826179248
0.988 0.250126974267167 0.0613192983149506
0.989 0.0670920766703696 0.145622344015262
0.99 0.201238674502833 0.13114460760824
0.991 0.357549721621041 0.242662139907275
0.992 0.0822024363677164 0.257326794889573
0.993 0.058405889319057 0.168118512147425
0.994 -0.0501656074785307 0.229288225552582
0.995 0.0418966071196478 0.206694872408001
0.996 0.00547542924988331 0.0530804763442173
0.997 0.0102216032308912 0.0703487130403127
0.998 0.430641024010419 0.18338893573654
0.999 0.188696973588651 0.292444614933282
1 0.0508646979084697 0.0318323601659995
