# Fix print output for fix def1
5.98864073561336e-16 -0.280383513283504
0.00100000000000049 -0.0450289448841401
0.00200000000000051 -0.0467511759252802
0.00300000000000064 -0.089798131477603
0.00400000000000066 0.44955239571402
0.00500000000000055 0.251469721165011
0.00600000000000057 0.0399087973581389
0.0070000000000007 0.0593122614480422
0.00800000000000072 0.508470623593055
0.00900000000000061 0.212902811556101
0.0100000000000005 0.435642223702291
0.0110000000000005 -0.0446548157233157
0.0120000000000007 0.370158732214753
0.0130000000000007 0.0220528848547591
0.0140000000000006 0.088660253240543
0.0150000000000006 0.0214668300043176
0.0160000000000007 -0.166397110302578
0.0170000000000006 0.0666559614401054
0.0180000000000006 0.361159865318997
0.0190000000000005 0.311075096984452
0.0200000000000005 0.286005510152438
0.0210000000000007 0.220721080204514
0.0220000000000007 0.113520790644671
0.0230000000000006 0.0121522754887945
0.0240000000000006 0.198740431170548
0.0250000000000005 0.339360186559898
0.0260000000000006 0.0954938985703369
0.0270000000000006 0.0201268745609218
0.0280000000000005 0.346542907926904
0.0290000000000005 0.465368945985968
0.0300000000000007 0.221464219914008
0.0310000000000007 -0.109308998847825
0.0320000000000006 0.0844025340566433
0.0330000000000006 0.442489011455947
0.0340000000000005 0.312765595567461
0.0350000000000006 0.201888679721617
0.0360000000000007 0.407694063649008
0.0370000000000005 -0.103977593722671
0.0380000000000006 0.416062945853585
0.0390000000000007 0.304704862274356
0.0400000000000007 0.33222876837791
0.0410000000000006 -0.0619640248055396
0.0420000000000006 -0.031910179793072
0.0430000000000005 0.416902204282634
0.0440000000000007 0.051230627800089
0.0450000000000007 0.432461817867588
0.0460000000000006 0.247776448056343
0.0470000000000006 0.408144672603536
0.0480000000000007 0.165811388140294
0.0490000000000007 0.0292816363253986
0.0500000000000006 0.481018219187876
0.0510000000000005 0.311348572851222
0.0520000000000005 0.283424674373386
0.0530000000000007 0.389850104935683
0.0540000000000007 0.449406977417681
0.0550000000000006 0.423905747691128
0.0560000000000006 0.181233712963743
0.0570000000000007 0.363149552690401
0.0580000000000007 0.0140844974460318
0.0590000000000006 0.110831224716516
0.0600000000000005 -0.0362858790266335
0.0610000000000005 0.327881335859125
0.0620000000000007 0.119302321941416
0.0630000000000007 -0.219594996687767
0.0640000000000006 0.217121870838831
0.0650000000000006 0.398225087908087
0.0660000000000007 0.243120530232265
0.0670000000000008 0.133640926083072
0.0680000000000007 0.523899501710151
0.0690000000000005 0.559153687583572
0.0700000000000006 0.357314587224489
0.0710000000000007 0.385284817051063
0.0720000000000007 0.54301075861907
0.0730000000000006 0.246045772368755
0.0740000000000006 0.00555173263065059
0.0750000000000008 0.0789961413558768
0.0760000000000007 0.0815301363552695
0.0770000000000007 0.165080909200947
0.0780000000000006 0.688606971061902
0.0790000000000006 0.887922228886883
0.0800000000000007 0.597699731477582
0.0810000000000006 0.390037835107174
0.0820000000000005 0.266980154712154
0.0830000000000006 0.419524557433209
0.0840000000000005 0.549398055762871
0.0850000000000007 0.245323845958346
0.0860000000000006 0.164119765364305
0.0870000000000005 0.419545040709725
0.0880000000000006 0.298893403616064
0.0890000000000007 0.297109199777048
0.0900000000000006 0.0888108393344713
0.0910000000000005 0.376829251387694
0.0920000000000007 0.327183391356012
0.0930000000000005 0.350082963558896
0.0940000000000007 0.139055897929376
0.0950000000000006 0.374940129858762
0.0960000000000005 0.343617441488597
0.0970000000000006 0.23194236114321
0.0980000000000007 0.381463100423248
0.0990000000000006 0.70459762608803
0.100000000000001 0.293455537556441
0.101000000000001 0.0368507395772975
0.102000000000001 0.172003837492501
0.103000000000001 -0.139374857938473
0.104000000000001 0.304627198032622
0.105 -0.0875624936368284
0.106000000000001 0.184589237770226
0.107000000000001 0.463494322848318
0.108000000000001 0.319088204236098
0.109000000000001 0.445843980100435
0.11 0.331249124810615
0.111000000000001 0.454640459287715
0.112000000000001 0.35663675263797
0.113000000000001 0.276553909724716
0.114 0.347150552002645
0.115000000000001 0.299528537466393
0.116000000000001 0.194375434334839
0.117000000000001 0.118278000069755
0.118000000000001 0.313193425332745
0.119 0.192598387655787
0.120000000000001 0.224828849655053
0.121000000000001 0.317604867386903
0.122000000000001 0.493221943504084
0.123000000000001 0.506274858352785
0.124000000000001 0.358974578644901
0.125000000000001 0.336537980135953
0.126000000000001 0.541854239702549
0.127000000000001 0.201085042632665
0.128 0.0501542800886737
0.129000000000001 0.30625891236414
0.130000000000001 0.244332604289991
0.131000000000001 0.0591284008616404
0.132000000000001 0.824382062535687
0.133000000000001 0.526749611540162
0.134000000000001 0.432386400579514
0.135000000000001 0.74717740951477
0.136000000000001 0.457593007260982
0.137 0.596528426250443
0.138000000000001 0.461144935100592
0.139000000000001 0.414836417489825
0.140000000000001 0.491252980715852
0.141000000000001 0.390672195853468
0.142000000000001 0.196241959274034
0.143000000000001 0.312693538058062
0.144000000000001 0.258662584583422
0.145000000000001 0.142960498750738
0.146 0.431773782513396
0.147000000000001 0.297189229568049
0.148000000000001 0.369817456842881
0.149000000000001 0.400510589091922
0.150000000000001 0.478413560177887
0.151000000000001 0.323278408088694
0.152000000000001 0.437398263787694
0.153000000000001 0.246873775890095
0.154000000000001 0.521802501007648
0.155 0.41597158911999
0.156000000000001 0.18195863296883
0.157000000000001 0.353716660436321
0.158000000000001 0.497376979728936
0.159000000000001 0.567157784570527
0.160000000000001 0.385860128443107
0.161000000000001 0.666777278256759
0.162000000000001 0.453152210703541
0.163000000000001 0.0377676089355312
0.164000000000001 0.563352345996092
0.165000000000001 0.231679086642901
0.166000000000001 0.110125792209405
0.167000000000001 0.367449133625095
0.168000000000001 0.181066171474038
0.169000000000001 0.164473581861376
0.170000000000001 0.478069813423826
0.171000000000001 0.271395743481437
0.172000000000001 0.345412227622729
0.173000000000001 -0.0147926397563576
0.174000000000001 0.595208604084384
0.175000000000001 0.595211054950748
0.176000000000001 0.846254523610655
0.177000000000001 0.419392373328837
0.178 0.43825355202326
0.179000000000001 0.397083621108991
0.180000000000001 0.714141953960179
0.181000000000001 0.526505649965331
0.182000000000001 0.606606077017472
0.183000000000001 0.103752212563945
0.184000000000001 0.173233005708408
0.185000000000001 0.498636775317891
0.186000000000001 -0.0242291316131631
0.187 0.492344365825345
0.188000000000001 0.0457687269192824
0.189000000000001 0.2916287225584
0.190000000000001 0.352689528104218
0.191000000000001 0.426752877924172
0.192000000000001 0.474021258029087
0.193000000000001 0.738594600345585
0.194000000000001 0.0753392752621687
0.195000000000001 0.326299361427863
0.196000000000001 0.517884271457445
0.197000000000001 0.272554615114335
0.198000000000001 0.341214176699424
0.199000000000001 0.300009437381417
0.200000000000001 0.362771130416384
0.201000000000001 0.541201758244993
0.202000000000001 0.288848681690844
0.203000000000001 0.292255058922903
0.204000000000001 0.485392700309144
0.205000000000001 0.486276410080465
0.206000000000001 0.593833254432304
0.207000000000001 0.253906679904575
0.208000000000001 0.662008033726634
0.209000000000001 0.362889657067831
0.210000000000001 0.205140221734022
0.211000000000001 0.303995708588495
0.212000000000001 0.414671109532128
0.213000000000001 0.402600528177651
0.214000000000001 0.54208206885254
0.215000000000001 0.648727052944498
0.216000000000001 0.184384604942238
0.217000000000001 0.765099424029184
0.218000000000001 0.624342387423621
0.219000000000001 0.736406140179287
0.220000000000001 0.613502801343074
0.221000000000001 0.298837955891085
0.222000000000001 0.663016982359494
0.223000000000001 0.442132400141083
0.224000000000001 0.403222010997279
0.225000000000001 0.71020673379164
0.226000000000001 0.356051108305891
0.227000000000001 0.577155994165444
0.228000000000001 0.394592717752035
0.229000000000001 0.559601116666521
0.230000000000001 0.464677859821112
0.231000000000001 0.697223101469184
0.232000000000001 0.353088615498789
0.233000000000001 0.622439239739139
0.234000000000001 0.765338236055078
0.235000000000001 0.91495762968088
0.236000000000001 0.560068910238275
0.237000000000001 0.622996565549323
0.238000000000001 0.587834112082926
0.239000000000001 0.460477156087501
0.240000000000001 0.44413103140212
0.241000000000001 0.175380111032382
0.242000000000001 0.351876599149414
0.243000000000001 0.445747267755266
0.244000000000001 0.397663917482592
0.245000000000001 0.83037627360696
0.246000000000001 0.571609270920715
0.247000000000001 0.593532362301078
0.248000000000001 0.561762101852464
0.249000000000001 0.6758874054949
0.250000000000001 0.497854638430952
0.251000000000001 0.432727367491598
0.252000000000001 0.671531324358564
0.253000000000001 0.539415033755883
0.254000000000001 0.639360615126736
0.255000000000001 0.620391263133814
0.256000000000001 0.540184401852656
0.257000000000001 0.544507600488786
0.258000000000001 0.977702059457227
0.259000000000001 0.717401669407787
0.260000000000001 1.04573024459957
0.261000000000001 0.717820799145476
0.262000000000001 0.809813790774988
0.263000000000001 0.447733702911126
0.264000000000001 0.709845600780172
0.265000000000001 0.548378072476495
0.266000000000001 0.395263845982362
0.267000000000001 0.412085290505955
0.268000000000001 0.733469965240876
0.269000000000001 0.399913277633653
0.270000000000001 0.414414393476319
0.271000000000001 0.364275436970271
0.272000000000001 0.858448577737756
0.273000000000001 0.831870775852337
0.274000000000001 0.613799729650011
0.275000000000001 0.83706144815377
0.276000000000001 0.794034689410822
0.277000000000001 0.717094790256215
0.278000000000001 0.86985044147481
0.279000000000001 0.908772771645695
0.280000000000001 0.833337663581982
0.281000000000001 0.715977142053348
0.282000000000001 0.836080110837285
0.283000000000001 0.61029733764002
0.284000000000001 0.666168547224318
0.285000000000001 0.58333062135736
0.286000000000001 0.883909609262693
0.287000000000001 0.741623567944862
0.288000000000001 0.806712444135588
0.289000000000001 0.606377208659767
0.290000000000001 0.613240270866392
0.291000000000001 0.873356964525688
0.292000000000001 0.930687645830005
0.293000000000001 0.792456595713611
0.294000000000001 0.777928788017745
0.295000000000001 0.717488691204787
0.296000000000001 1.00578659754274
0.297000000000001 0.772729577641043
0.298000000000001 1.01255221583114
0.299000000000001 0.979980183591619
0.300000000000001 0.96223664961296
0.301000000000001 0.779415682132944
0.302000000000001 0.849570997116862
0.303000000000001 0.680178332897847
0.304000000000001 0.954237250352358
0.305000000000001 0.830303966855564
0.306000000000001 0.776166212891396
0.307000000000001 1.16464046063163
0.308000000000001 0.669810402577893
0.309000000000001 0.837171597937797
0.310000000000001 0.901438748029894
0.311000000000001 0.910421100717551
0.312000000000001 0.968808671577533
0.313000000000001 0.754298982941012
0.314000000000001 1.08345896301225
0.315000000000001 1.2176983379075
0.316000000000001 1.21838597564179
0.317000000000001 1.14996309495446
0.318000000000001 0.841514187909925
0.319000000000001 1.04277191377739
0.320000000000001 1.00811430617756
0.321000000000001 1.10025552163294
0.322000000000001 0.628815243454618
0.323000000000001 0.879865257353565
0.324000000000001 0.876423146617941
0.325000000000001 0.854445999557488
0.326000000000001 0.953341476547096
0.327000000000001 1.2163174233409
0.328000000000001 1.2071017195109
0.329000000000001 1.02756395431348
0.330000000000001 1.06103981148403
0.331000000000001 0.856187910236322
0.332000000000001 0.928354463980191
0.333000000000001 0.715322939999023
0.334000000000001 0.680060503940793
0.335000000000001 0.909773765165688
0.336000000000001 0.780825438806318
0.337000000000001 0.939535526956249
0.338000000000001 0.936751627947912
0.339000000000001 0.775467381466727
0.340000000000001 0.893296514157698
0.341000000000001 1.02929333384458
0.342000000000001 1.04144047909135
0.343000000000001 1.03831208300641
0.344000000000001 1.23405710786043
0.345000000000001 1.0414514786367
0.346000000000001 0.78628938041875
0.347000000000001 1.15130786639554
0.348000000000001 0.80270741407735
0.349000000000001 1.03405073353222
0.350000000000001 0.992978750709861
0.351000000000001 0.94999360913334
0.352000000000001 1.17912251134692
0.353000000000001 1.28228390302612
0.354000000000001 1.18997028529355
0.355000000000001 1.20128420622445
0.356000000000001 1.22588190336653
0.357000000000001 1.26597950589805
0.358000000000001 1.33997158775952
0.359000000000001 1.21012018607912
0.360000000000001 1.11260213902623
0.361000000000001 0.8512021843829
0.362000000000001 0.831213358486902
0.363000000000001 1.00569105362189
0.364000000000001 1.19507254645604
0.365000000000001 1.05800188785918
0.366000000000001 1.10798628055194
0.367000000000001 0.885494761498663
0.368000000000001 0.84765589556805
0.369000000000001 0.997347127870995
0.370000000000001 0.825898605444717
0.371000000000001 1.0456749077618
0.372000000000001 1.26971905602218
0.373000000000001 0.985139585993538
0.374000000000001 0.912547856445934
0.375000000000001 1.29838512689513
0.376000000000001 1.19350631221165
0.377000000000001 1.36978285675791
0.378000000000001 0.902789521282476
0.379000000000001 1.07730505388069
0.380000000000001 1.25649386960515
0.381000000000001 1.16309918842091
0.382000000000001 1.16309633432279
0.383000000000001 1.44676956443719
0.384000000000001 1.38317633162763
0.385000000000001 1.33659991614162
0.386000000000001 1.24942433909005
0.387000000000001 1.17194425571601
0.388000000000001 1.36995064892116
0.389000000000001 1.09076589479328
0.390000000000001 1.17513093534582
0.391000000000001 1.19746662844109
0.392000000000001 1.14202430674531
0.393000000000001 1.03089986350527
0.394000000000001 0.957374816619265
0.395000000000001 0.835172273998027
0.396000000000001 1.31028297437811
0.397000000000001 1.58370199781074
0.398000000000001 1.60400371309377
0.399000000000001 1.40754503726084
0.400000000000001 1.5052111980286
0.401000000000001 1.32758646490846
0.402000000000001 1.37224041588616
0.403000000000001 1.20291398759203
0.404000000000001 1.22109746704742
0.405000000000001 1.26055952437675
0.406000000000001 1.63472834549653
0.407000000000001 1.50863468615191
0.408000000000001 1.47552933300904
0.409000000000001 1.49384544444827
0.410000000000001 1.66575944155549
0.411000000000001 1.57714172482467
0.412000000000001 1.46649721430227
0.413000000000001 1.47346150911432
0.414000000000001 1.27097654809212
0.415000000000001 1.60229398130836
0.416000000000001 1.68601019367279
0.417000000000001 1.4062668823563
0.418000000000001 1.59653267898001
0.419000000000001 1.58346595002133
0.420000000000001 1.42504440535806
0.421000000000001 1.47566575938713
0.422000000000001 1.44835344461758
0.423000000000001 1.3942941105678
0.424000000000001 1.6788644654174
0.425000000000001 1.92533595335585
0.426000000000001 1.69970732810499
0.427000000000001 1.47684831812421
0.428000000000001 1.53302515453602
0.429000000000001 1.75572505705047
0.430000000000001 1.86429390976543
0.431000000000001 1.67339912099264
0.432000000000001 1.74335119124161
0.433000000000001 1.6164427366451
0.434000000000001 1.67277665385687
0.435000000000001 1.85430509453961
0.436000000000001 1.77140012021718
0.437000000000001 1.97921740931035
0.438000000000001 1.74492901652751
0.439000000000001 1.79753433917391
0.440000000000001 1.9855534019997
0.441000000000001 1.48522031280864
0.442000000000001 1.8305710773035
0.443000000000001 1.97339634188477
0.444000000000001 1.88237178097769
0.445000000000001 1.90806292415012
0.446000000000001 1.67034745818768
0.447000000000001 1.5707244785535
0.448000000000001 1.75091995019774
0.449000000000001 2.00224791041164
0.450000000000001 2.0921189857661
0.451000000000001 2.03295468162756
0.452000000000001 1.67932052929642
0.453000000000001 2.13257031639757
0.454000000000001 1.72599594804555
0.455000000000001 1.94398655689364
0.456000000000001 1.89859544007596
0.457000000000001 2.15167832682037
0.458000000000001 2.18976206394888
0.459000000000001 2.14900897974361
0.460000000000001 2.04382218113429
0.461000000000001 1.93293164284978
0.462000000000001 1.84536311334969
0.463000000000001 1.82279464142487
0.464000000000001 2.14142548367322
0.465000000000001 1.88706968591779
0.466000000000001 1.78181290906725
0.467000000000001 2.17234730858236
0.468000000000001 1.81313970227461
0.469000000000001 1.99643441343079
0.470000000000001 1.75518897693253
0.471000000000001 1.90239711148854
0.472000000000001 2.52876441349888
0.473000000000001 2.33187841031075
0.474000000000001 2.28784138207062
0.475000000000001 2.17982050040506
0.476000000000001 2.04267739918644
0.477000000000001 1.91982149754992
0.478000000000001 2.11543913456233
0.479000000000001 1.88643543802189
0.480000000000001 2.31140960893065
0.481000000000001 1.96187212856304
0.482000000000001 2.20002579855477
0.483000000000001 2.1587611585571
0.484000000000001 2.12833020529012
0.485000000000001 2.47348515750236
0.486000000000001 2.30872539270061
0.487000000000001 2.09868076597359
0.488000000000001 2.19809925058883
0.489000000000001 2.09883429507456
0.490000000000001 2.12620162938357
0.491000000000001 2.19633251217175
0.492000000000001 2.25001952210016
0.493000000000001 2.23081923512362
0.494000000000001 2.56141215003337
0.495000000000001 1.99187841951121
0.496000000000001 2.36190084592272
0.497000000000001 2.78513914937821
0.498000000000001 2.54625576021118
0.499000000000001 2.5819771092689
0.500000000000001 2.21742390577371
0.501000000000001 2.51683378083893
0.502000000000001 2.42264778966656
0.503000000000001 2.13565163011146
0.504000000000001 2.54462470712203
0.505000000000001 2.52653066014435
0.506000000000001 2.308109559977
0.507000000000001 2.77372935953447
0.508000000000001 2.58118801763156
0.509000000000001 2.31718693889465
0.510000000000001 2.51234416851696
0.511000000000001 2.40156176257902
0.512000000000001 2.63719930410965
0.513000000000001 2.69170021465193
0.514000000000001 2.53738597453374
0.515000000000001 2.70033657456656
0.516000000000001 2.43578897384205
0.517000000000001 2.66584897620478
0.518000000000001 2.32716818685779
0.519000000000001 2.29239811321775
0.520000000000001 2.54612105460122
0.521000000000001 2.50780798781989
0.522000000000001 2.52849202733008
0.523000000000001 2.66197358551053
0.524000000000001 2.68951013044194
0.525000000000001 2.63548864896378
0.526000000000001 2.67442016428156
0.527000000000001 2.67838642694447
0.528000000000001 2.8623394718849
0.529000000000001 2.87831976767757
0.530000000000001 2.73577074878971
0.531000000000001 2.82861810275503
0.532000000000001 2.78666436313356
0.533000000000001 2.45915298773946
0.534000000000001 2.5151842108128
0.535000000000001 2.49745332462058
0.536000000000001 2.6810070284999
0.537000000000001 2.79979263951557
0.538000000000001 2.80909649794177
0.539000000000001 2.71999156576108
0.540000000000001 2.60048389679357
0.541000000000001 2.98649283866245
0.542000000000001 2.97333100986814
0.543000000000001 2.82087708643243
0.544000000000001 2.88887045545179
0.545000000000001 3.03484054177021
0.546000000000001 2.8274844394771
0.547000000000001 3.00445462421836
0.548000000000001 3.20440873324788
0.549000000000001 3.19868677870823
0.550000000000001 3.21660541510419
0.551000000000001 2.88099086248753
0.552000000000001 3.07543520401605
0.553000000000001 2.93261348712905
0.554000000000001 3.08536932098283
0.555000000000001 3.3058762746361
0.556000000000001 2.93001164745997
0.557000000000001 3.15664958627639
0.558000000000001 3.11351844493947
0.559000000000001 3.17967610093352
0.560000000000001 3.25283786666935
0.561000000000001 3.37149997591972
0.562000000000001 3.02070730810817
0.563000000000001 2.9621033490658
0.564000000000001 3.25690769199202
0.565000000000001 3.49949738358575
0.566000000000001 3.26910282041218
0.567000000000001 3.11849462668386
0.568000000000001 3.06480869083143
0.569000000000001 3.44680916300848
0.570000000000001 3.66058175551555
0.571000000000001 3.51014754090896
0.572000000000001 3.44281055045508
0.573000000000001 3.58225934985785
0.574000000000001 3.49510997899028
0.575000000000001 3.4235605146788
0.576000000000001 3.28167529229389
0.577000000000001 3.37450074503332
0.578000000000001 3.78928474799342
0.579000000000001 3.60390202568991
0.580000000000001 3.40910074192069
0.581000000000001 3.36508449596875
0.582000000000001 3.6406201371125
0.583000000000001 3.2508938617526
0.584000000000001 3.36465027244701
0.585000000000001 3.56448881488279
0.586000000000001 3.32851048986513
0.587000000000001 3.43346697964044
0.588000000000001 3.36403918018089
0.589000000000001 3.46382197848942
0.590000000000001 3.53467676257238
0.591000000000001 3.55119153976223
0.592000000000001 3.29572169812346
0.593000000000001 3.76658945688681
0.594000000000001 3.93535764004056
0.595000000000001 3.61073943399815
0.596000000000001 3.65690307677574
0.597000000000001 3.48621354298526
0.598000000000001 3.69013306009688
0.599000000000001 3.50030695021514
0.600000000000001 3.81723117248013
0.601000000000001 3.68008588741365
0.602000000000001 3.80889184382206
0.603000000000001 3.65027188298103
0.604000000000001 3.89418299789855
0.605000000000001 3.70082608826607
0.606000000000001 3.7663212751929
0.607000000000001 3.87287122047227
0.608000000000001 3.99277485910664
0.609000000000001 3.79723074972597
0.610000000000001 3.88148894975908
0.611000000000001 4.00361885412818
0.612000000000001 3.98159696632313
0.613000000000001 3.87670749839839
0.614000000000001 3.76731638681367
0.615000000000001 4.10987607690887
0.616000000000001 4.09764897945943
0.617000000000001 4.21182235523276
0.618000000000001 4.39021972977681
0.619000000000001 4.34692304533948
0.620000000000001 3.95203203674778
0.621000000000001 4.23073600469005
0.622000000000001 4.28938013915565
0.623000000000001 4.36623627414749
0.624000000000001 4.19612493737353
0.625000000000001 4.26912528761923
0.626000000000001 4.1783571926138
0.627000000000001 4.43013796286281
0.628000000000001 4.24648990042302
0.629000000000001 4.32289186874797
0.630000000000001 4.41974525632611
0.631000000000001 4.22429881323762
0.632000000000001 4.18649892757449
0.633000000000001 4.31663974787318
0.634000000000001 4.22336706018488
0.635000000000001 4.52115776606536
0.636000000000001 4.55278409193549
0.637000000000001 4.58339225804229
0.638000000000001 4.42449211102929
0.639000000000001 4.78594408613947
0.640000000000001 4.51339311555673
0.641000000000001 4.46606862167592
0.642000000000001 4.58999249561052
0.643000000000001 4.65254942635553
0.644000000000001 4.58263785875276
0.645000000000001 4.77297986614944
0.646000000000001 4.7282679196215
0.647000000000001 4.80732243922773
0.648000000000001 4.93220789840902
0.649000000000001 4.74750739919774
0.650000000000001 4.7964298911496
0.651000000000001 4.40526389971854
0.652000000000001 5.00859484774153
0.653000000000001 5.05981654815405
0.654000000000001 4.89987837646
0.655000000000001 4.89033810397527
0.656000000000001 4.79232784297136
0.657000000000001 4.78163559423681
0.658000000000001 4.97254396021342
0.659000000000001 5.18975729130556
0.660000000000001 5.14284964608041
0.661000000000001 4.85792354151132
0.662000000000001 4.86702502585516
0.663000000000001 5.00408490358612
0.664000000000001 5.08499550020692
0.665000000000001 5.03751226230219
0.666000000000001 5.26972303656148
0.667000000000001 5.15608681213664
0.668000000000001 5.13771967756669
0.669000000000001 5.28739179453692
0.670000000000001 5.27492469120377
0.671000000000001 4.96265450845318
0.672000000000001 5.37668425944404
0.673000000000001 5.22061205927703
0.674000000000001 5.1869181823779
0.675000000000001 5.51228981583751
0.676000000000001 5.58752337235227
0.677000000000001 5.34663378178346
0.678000000000001 5.29257930489152
0.679000000000001 5.48643866086188
0.680000000000001 5.52307427489747
0.681000000000001 5.46371099659191
0.682000000000001 5.27251835974358
0.683000000000001 5.44830709887583
0.684000000000001 5.43415593981424
0.685000000000001 5.68310495683439
0.686000000000001 5.79460967363489
0.687000000000001 5.59874198643969
0.688000000000001 5.69256008187465
0.689000000000001 5.83627453521538
0.690000000000001 5.94229479459596
0.691000000000001 6.03423373284596
0.692000000000001 5.78867717394634
0.693000000000001 5.93562113626337
0.694000000000001 5.7198130912608
0.695000000000001 5.88971699189364
0.696000000000001 6.06338899085585
0.697000000000001 6.16064726538027
0.698000000000001 5.89911787747108
0.699000000000001 5.96420485882559
0.700000000000001 5.96533586748447
0.701000000000001 5.87184652970051
0.702000000000001 6.01181444159463
0.703000000000001 6.2282408069031
0.704000000000001 6.19007467375029
0.705000000000001 5.93703489947681
0.706000000000001 6.25874265152614
0.707000000000001 6.34281641706073
0.708000000000001 6.20476348751127
0.709000000000001 6.22313187076774
0.710000000000001 6.16147759377618
0.711000000000001 6.03302138812693
0.712000000000001 6.00683217833709
0.713000000000001 6.07678365202646
0.714000000000001 6.49223784497794
0.715000000000001 6.35084716139677
0.716000000000001 6.15134320488054
0.717000000000001 6.52767493807783
0.718000000000001 6.67191858840286
0.719000000000001 6.40205425207245
0.720000000000001 6.34600225728551
0.721000000000001 6.53540668183183
0.722000000000001 6.70806161920524
0.723000000000001 6.43781714361363
0.724000000000001 6.66765424357979
0.725000000000001 6.36727038558708
0.726000000000001 6.68853822564806
0.727000000000001 6.67918115352457
0.728000000000001 6.58063129077627
0.729000000000001 6.62666237420017
0.730000000000001 6.9517484906136
0.731000000000001 6.79435287388495
0.732000000000001 6.83501737457796
0.733000000000001 7.24632525854371
0.734000000000001 6.74789284009807
0.735000000000001 7.01457456255227
0.736000000000001 6.75245214665029
0.737000000000001 6.85107891558017
0.738000000000001 7.10605899759037
0.739000000000001 7.21566258063673
0.740000000000001 7.06184630079821
0.741000000000001 7.09265208794046
0.742000000000001 6.99493639545916
0.743000000000001 6.86285073662049
0.744000000000001 7.24347865383169
0.745000000000001 7.19814444991531
0.746000000000001 7.10018285473962
0.747000000000001 7.16757065890863
0.748000000000001 7.2508569226939
0.749000000000001 7.14123337694911
0.750000000000001 7.3125523372256
0.751000000000001 7.24393729915646
0.752000000000001 7.19993230805193
0.753000000000001 7.459312575045
0.754000000000001 7.55522312453813
0.755000000000001 7.25147153289315
0.756000000000001 7.43424952886248
0.757000000000001 7.43199173618614
0.758000000000001 7.32549554626414
0.759000000000001 7.66912419992914
0.760000000000001 7.44848061590084
0.761000000000001 7.53799418403735
0.762000000000001 8.02165039553006
0.763000000000001 7.49554235932898
0.764000000000001 7.43000479531897
0.765000000000001 7.66572340683117
0.766000000000001 7.67230358911284
0.767000000000001 7.76580803886812
0.768000000000001 7.99042062465283
0.769000000000001 7.88994055390234
0.770000000000001 8.07018045460939
0.771000000000001 7.740034841428
0.772000000000001 7.83049949255173
0.773000000000001 7.53685168563849
0.774000000000001 7.66370092542815
0.775000000000001 7.92401123413718
0.776000000000001 7.75839713381266
0.777000000000001 7.85043443581249
0.778000000000001 7.94973481214166
0.779000000000001 7.97708777744586
0.780000000000001 8.09488283623701
0.781000000000001 8.27321350107132
0.782000000000001 8.00144229147541
0.783000000000001 8.36289145850217
0.784000000000001 8.46656938320123
0.785000000000001 8.34766216479593
0.786000000000001 8.54283857209585
0.787000000000001 8.52640630282312
0.788000000000001 8.25421592700898
0.789000000000001 8.31404852477007
0.790000000000001 8.65426592184181
0.791000000000001 8.5391378337703
0.792000000000001 8.34756849225015
0.793000000000001 8.58902205268567
0.794000000000001 8.62234729537972
0.795000000000001 8.48813460642272
0.796000000000001 8.4747037977777
0.797000000000001 8.46055666452486
0.798000000000001 8.54872124805946
0.799000000000001 8.62837212118387
0.800000000000001 8.65646427954936
0.801000000000001 8.63729441433247
0.802000000000001 8.56115993124582
0.803000000000001 8.78883440284652
0.804000000000001 8.83508242926198
0.805000000000001 8.82385482580545
0.806000000000001 8.55456682234929
0.807000000000001 8.83329014851671
0.808000000000001 9.09195148384875
0.809000000000001 8.89178007719694
0.810000000000001 8.85773330601969
0.811000000000001 8.95869236637473
0.812000000000001 9.25945921905372
0.813000000000001 9.04784035644283
0.814000000000001 8.95639788983007
0.815000000000001 9.21331802046893
0.816000000000001 9.27804999134813
0.817000000000001 9.28473165515422
0.818000000000001 9.35952060595131
0.819000000000001 9.58386683641862
0.820000000000001 9.40074391960089
0.821000000000001 9.54763404529274
0.822000000000001 9.37590874651124
0.823000000000001 9.45726002532126
0.824000000000001 9.15433742486197
0.825000000000001 9.53223326800932
0.826000000000001 9.37966741136566
0.827000000000001 9.41764197846833
0.828000000000001 9.6360098216804
0.829000000000001 9.42128176826366
0.830000000000001 9.55491802589316
0.831000000000001 9.80123563833716
0.832000000000001 9.6892873107422
0.833000000000001 9.76542333168912
0.834000000000001 9.85547103489698
0.835000000000001 9.72677410817945
0.836000000000001 9.73285842085489
0.837000000000001 9.74370603297759
0.838000000000001 9.87901222419063
0.839000000000001 9.63193101243306
0.840000000000001 9.70212219181847
0.841000000000001 9.84232076157136
0.842000000000001 9.94158284516359
0.843000000000001 9.92218575656199
0.844000000000001 9.92438229982396
0.845000000000001 9.76720024039059
0.846000000000001 10.2659399793149
0.847000000000001 10.3173144548577
0.848000000000001 10.2467250068876
0.849000000000001 10.1497781383928
0.850000000000001 10.288931517202
0.851000000000001 10.2394386566091
0.852000000000001 10.410923655312
0.853000000000001 10.7856174404679
0.854000000000001 10.5374324189697
0.855000000000001 10.5006692808655
0.856000000000001 10.839396908853
0.857000000000001 10.671592235378
0.858000000000001 10.4454350138912
0.859000000000001 10.6460287269944
0.860000000000001 10.6176656334755
0.861000000000001 10.5725974659323
0.862000000000001 10.6863508323465
0.863000000000001 10.3701664066985
0.864000000000001 10.603132247152
0.865000000000001 10.7056212197024
0.866000000000001 10.7626278324048
0.867000000000001 10.7342401553899
0.868000000000001 10.7873704705014
0.869000000000001 10.5936757513041
0.870000000000001 10.8743071221703
0.871000000000001 11.087374679036
0.872000000000001 10.9922535728731
0.873000000000001 10.8220169609528
0.874000000000001 10.9537484355497
0.875000000000001 11.1232846535349
0.876000000000001 11.257816777629
0.877000000000001 11.1127339541382
0.878000000000001 11.3420418453162
0.879000000000001 11.2079725502862
0.880000000000001 11.424079256269
0.881000000000001 11.4378620162494
0.882000000000001 11.2704729832751
0.883000000000001 11.6137813774313
0.884000000000001 11.0895137777552
0.885000000000001 11.5981525105732
0.886000000000001 11.3619846774382
0.887000000000001 11.4331803913122
0.888000000000001 11.6608372903358
0.889000000000001 11.7149161871711
0.890000000000001 11.4978601607051
0.891000000000001 11.5497694212154
0.892000000000001 11.8264163895742
0.893000000000001 11.6552590430613
0.894000000000001 11.654830039277
0.895000000000001 11.7359564290156
0.896000000000001 11.9322624558668
0.897000000000001 11.8798111157277
0.898000000000001 11.911734318222
0.899000000000001 11.8893621261245
0.900000000000001 12.0709792948276
0.901000000000001 11.9942540456807
0.902000000000001 11.8808851598352
0.903000000000001 12.1954765862194
0.904000000000001 12.0599451936828
0.905000000000001 12.1984422360128
0.906000000000001 12.3274911036605
0.907000000000001 12.3392862071294
0.908000000000001 12.1455300134433
0.909000000000001 12.3382649502177
0.910000000000001 12.3335040254454
0.911000000000001 12.5070295346035
0.912000000000001 12.4050829887375
0.913000000000001 12.6147668854284
0.914000000000001 12.2683956058176
0.915000000000001 12.6576416117726
0.916000000000001 12.7420682917225
0.917000000000001 12.721133468044
0.918000000000001 13.0929221022007
0.919000000000001 12.8404536979664
0.920000000000001 13.0072362663426
0.921000000000001 12.9295917124469
0.922000000000001 12.9649652667371
0.923000000000001 12.9159807970438
0.924000000000001 13.1429298082865
0.925000000000001 12.9590130290707
0.926000000000001 12.8368639578459
0.927000000000001 13.043256113913
0.928000000000001 13.0484297041601
0.929000000000001 13.1375823212691
0.930000000000001 13.0105572541769
0.931000000000001 13.0695342293943
0.932000000000001 13.2953210254004
0.933000000000001 13.4311172873466
0.934000000000001 13.1252463695935
0.935000000000001 13.1453301683935
0.936000000000001 13.1716302221621
0.937000000000001 13.383229744116
0.938000000000001 13.3931469603046
0.939000000000001 13.595907684282
0.940000000000001 13.4511151190573
0.941000000000001 13.4472425132078
0.942000000000001 13.2637325920177
0.943000000000001 13.5907536690251
0.944000000000001 13.6852800247692
0.945000000000001 13.723234880152
0.946000000000001 13.6373444849537
0.947000000000001 13.9018965096793
0.948000000000001 13.9288013374454
0.949000000000001 14.0763504528227
0.950000000000001 13.787351134015
0.951000000000001 13.9392948080906
0.952000000000001 13.9706414042654
0.953000000000001 14.0793138682244
0.954000000000001 14.0491364795597
0.955000000000001 14.0274590604546
0.956000000000001 14.0313044937141
0.957000000000001 14.2386555993457
0.958000000000001 14.2695920997223
0.959000000000001 14.463376189839
0.960000000000001 14.3962094452461
0.961000000000001 14.0197791258848
0.962000000000001 14.2445322224058
0.963000000000001 14.663185373186
0.964000000000001 14.4883703339862
0.965000000000001 14.4279250980905
0.966000000000001 14.5708289898998
0.967000000000001 14.5843753525086
0.968000000000001 14.5619013780621
0.969000000000001 14.5804494851126
0.970000000000001 14.8437951835276
0.971000000000001 14.843080338745
0.972000000000001 14.9089893628491
0.973000000000001 14.7317268274513
0.974000000000001 14.8640310604752
0.975000000000001 14.7965008117642
0.976000000000001 14.9135408409936
0.977000000000001 14.7893713720434
0.978000000000001 14.7526674339364
0.979000000000001 15.3169930965035
0.980000000000001 15.20618870052
0.981000000000001 15.1999649876077
0.982000000000001 15.1008181539324
0.983000000000001 15.2866042702941
0.984000000000001 15.4623373162352
0.985000000000001 15.3459924858684
0.986000000000001 15.4465576677413
0.987000000000001 15.5065006499821
0.988000000000001 15.365278808896
0.989000000000001 15.2233374237433
0.990000000000001 15.6077031038172
0.991000000000001 15.4083605737797
0.992000000000001 15.2408818363598
0.993000000000001 15.6146557626456
0.994000000000001 15.5125405645894
0.995000000000001 15.625765888421
0.996000000000001 15.4086445421635
0.997000000000001 15.732819474631
0.998000000000001 15.9680240788072
0.999000000000001 15.7420335991417
1 15.8204233847572
