# Fix print output for fix def1
5.98864073561336e-16 -0.280383513283504 0
0.00100000000000049 -0.215270433991315 0.0696369081713454
0.00200000000000051 -0.0415950854604505 -0.0247962552882257
0.00300000000000064 -0.0440675589262451 -0.0067411853510618
0.00400000000000066 0.371062849164774 0.0279612208154225
0.00500000000000055 0.251060573193588 0.0400623252032471
0.00600000000000057 0.240922572321715 0.0652431790454749
0.0070000000000007 0.136195460916095 -0.00699824897729265
0.00800000000000072 0.521384881893459 0.0925876104735746
0.00900000000000061 0.145282721524785 0.103836965636714
0.0100000000000005 0.314965684211952 0.128592532264318
