# Fix print output for fix def1
-1.21856474370746e-16 -0.032929717511141 0
0.000999999999999833 -0.0185082319774428 -0.00958564697480686
0.00199999999999979 0.111986298514847 0.0528482516969318
0.00299999999999987 -0.26861216498286 0.0444907939347865
0.00399999999999982 0.487279668816039 -0.0253381018754495
0.00499999999999978 0.179250548583826 0.134036056076363
0.00599999999999997 0.0868713805294829 -0.0332207944089223
0.00699999999999993 0.075650428143255 0.0881314282660716
0.00799999999999989 -0.292515222528894 -0.00189952769236769
0.00899999999999996 -0.270987058008366 0.0125576230680803
0.00999999999999992 -0.0504228064728795 0.0072861783509618
0.0109999999999999 -0.36281062461101 0.0211421418092269
0.0119999999999998 0.114053757352129 -0.0709995081840411
0.0129999999999998 -0.0793861934589912 0.0659397972074377
0.0139999999999999 0.0325225387576438 0.0684730579503882
0.0149999999999998 -0.171485815195572 0.0474071564693022
0.0159999999999998 -0.0799406538179 0.139086071394251
0.017 -0.0548413583940384 -0.00181696788434195
0.0179999999999999 0.315478801823589 0.0983875064823476
0.0189999999999999 -0.0826938661377206 0.0806761314527897
0.02 -0.160115174877939 -0.0582721871175474
0.0209999999999999 0.199934168855627 0.117592164741651
0.0219999999999999 0.331317114852523 0.0693435826537476
0.0229999999999998 0.41770405383997 0.110671167524375
0.0239999999999998 -0.263770085323292 0.12918432425812
0.0249999999999999 -0.24716154520816 -0.0279684402609045
0.0259999999999998 0.00789885782810207 0.0335901492624269
0.0269999999999998 0.143716503416348 0.05319640612906
0.028 0.158437746421625 -0.0452968523541901
0.0289999999999999 -0.022804850745914 0.014464723438842
0.0299999999999999 -0.174037110439198 -0.0580231204269891
0.031 -0.0379530154731034 0.110866205308246
0.0319999999999999 0.0985586882909066 0.00925537981947951
0.0329999999999999 0.199638802613427 0.00952369635586921
0.0339999999999998 0.178624294429049 0.127755429850892
0.0349999999999998 -0.117086365629968 0.101161071651033
0.0359999999999998 -0.0812543298846334 0.0260189356604248
0.0369999999999998 0.0849521769362735 0.0333807911068873
0.038 -0.248471357223364 0.0544557215929914
0.039 0.209353189552758 0.0271162930087072
0.0399999999999999 0.033047028735614 0.0713313910197499
0.0409999999999999 -0.200378779049549 0.0284107000046727
0.0419999999999999 0.248621129874977 0.0568002095879049
0.0429999999999999 0.0196823090576927 0.171667780578868
0.0439999999999999 -0.0611135086336924 0.0213345395222528
0.0449999999999998 0.216460144549618 0.110581242856132
0.0459999999999998 -0.00440007761884593 0.0120536642097853
0.0469999999999998 -0.0244617105078997 0.0504830071377441
0.0479999999999998 0.0620200898730469 0.138610089663177
0.049 -0.0627479308543652 0.0309129185485394
0.05 -0.0164621997308491 0.0930784931379261
0.0509999999999999 -0.19232122680176 0.153793723385996
0.0519999999999999 -0.278944094056144 -0.0454996962965555
0.0529999999999999 0.0263484859355412 0.0455722973644084
0.0539999999999999 0.129669244567394 0.0281749331052625
0.0549999999999998 -0.132032822030342 -0.0567329072596063
0.0559999999999998 0.0328932649919708 0.0085951795048205
0.0569999999999998 0.0201558296505074 0.112690291168766
0.0579999999999998 -0.00509511014293647 0.0465974987375349
0.0589999999999998 0.309635573720009 -0.00285192138326015
0.06 0.216607913289799 0.22689570691926
0.0609999999999999 -0.18031964747746 0.0381416225026757
0.0619999999999999 0.00722750805143206 0.118288423228188
0.063 -0.283963884303195 -0.0173923161084029
0.0639999999999999 -0.355319495592191 0.0172073483178066
0.0649999999999999 0.191865338683876 0.0585924457627317
0.0659999999999998 0.346622394544563 0.0385815154753198
0.0669999999999998 0.543451153741586 0.138734651190391
0.0679999999999998 -0.413394962291395 0.0711639157319804
0.0689999999999998 0.140317262527883 0.021296018079693
0.0699999999999998 0.0153607846680098 0.13691413920968
0.071 0.128901560559447 0.0212220356379574
0.0719999999999999 0.107745360348575 0.103869201434571
0.0729999999999999 0.123446936654031 -0.0177649607775917
0.0739999999999998 0.0556640705845855 0.0202772169359593
0.0749999999999999 0.225129631825661 0.0938126182419783
0.0759999999999999 -0.138033658887715 0.0405836833485776
0.0769999999999998 -0.222733839640977 -0.0534484942236907
0.0779999999999998 0.13516936103351 0.0680744758872541
0.0789999999999998 0.0734357880007981 0.0751428444985818
0.0799999999999998 0.0163027692635389 0.0271590022013603
0.0809999999999998 -0.0684274494875304 0.0702832851827528
0.082 0.107313160391822 0.0575892404620852
0.0829999999999999 0.103703138082524 0.0901602287625837
0.0839999999999999 0.378664627550863 0.140445874362329
0.085 -0.0104321440626745 0.0834270720054126
0.0859999999999999 -0.0944610889763992 0.0988319802795707
0.0869999999999999 0.423169534255094 0.108928026703036
0.0879999999999998 -0.00435386231842004 0.0750080252640265
0.0889999999999998 0.135897820149548 0.0381266225951074
0.0899999999999997 0.145003613696189 0.0678135860096747
0.0909999999999998 0.147047113096602 0.095838967708932
0.0919999999999998 0.126900394182656 -0.0653264936606789
0.093 -0.00181326518091949 0.0512636646813519
0.0939999999999999 0.358283656332494 0.123659989515567
0.0949999999999999 0.388382559303675 0.141069666349111
0.096 0.0208149341172753 0.0498812788553404
0.0969999999999999 0.0141818956193206 0.110900461361541
0.098 -0.0714722606261175 0.0517591944155373
0.0989999999999999 0.00937391415633161 0.0711048473220821
0.0999999999999999 0.226036403353153 0.0618194091145883
0.101 -0.216607765091366 0.17011035856793
0.102 -0.0872860336231064 0.027300991559602
0.103 0.317305419542445 0.194394622597303
0.104 0.00495882871853259 0.200792590228085
0.105 0.0666793831006117 0.0641413927730567
0.106 0.167206279583256 0.0999360074556268
0.107 -0.205300363003599 0.0643310675378088
0.108 0.0346648768251547 0.0383463339693053
0.109 0.363637063600464 0.207182234817406
0.11 -0.551274983279477 0.0248462899957069
0.111 -0.154237833107435 0.0887311445387608
0.112 -0.125643900785316 0.0537412326230709
0.113 0.0751517919706292 0.0959293162914604
0.114 -0.0458627170350996 0.0354033249915977
0.115 -0.0441578847527447 0.0970510236097462
0.116 -0.0671698589052434 0.203751531206525
0.117 0.106778193761765 0.0595274598824207
0.118 0.0136920858250967 0.0857424976815379
0.119 0.00842441048263682 0.166620280346103
0.12 0.0882147785606145 0.128281781639513
0.121 0.112687796242863 0.027193396285595
0.122 -0.051057589700788 0.02833070895171
0.123 0.246966562150747 0.183938296213047
0.124 -0.198195680700101 0.232417125366377
0.125 -0.195959844992471 0.0188351440399192
0.126 0.43974301434161 0.0563254669067794
0.127 -0.083569557804032 0.043994898147608
0.128 0.0894166476417452 0.104394643793337
0.129 0.0702617133213306 0.0198213947608119
0.13 0.0987592105468907 0.0645855769158487
0.131 0.0687323669942647 0.0412724179345371
0.132 0.103328700423459 0.128151029488833
0.133 0.229073105436117 0.152084565660784
0.134 0.22303780848338 0.109479993964324
0.135 -0.0022128609624338 0.118515508412342
0.136 -0.0444615407705316 -0.023327506918233
0.137 -0.0425655742352088 0.0413160762901885
0.138 0.140264095163446 0.0640805204705769
0.139 0.0447301827180067 0.0906499871849354
0.14 0.476296843376002 0.156520182946429
0.141 0.0152188187063885 0.139879068064003
0.142 -0.00795492750050853 0.14454723824612
0.143 -0.0664347233043295 0.0706776907938707
0.144 -0.089762495440571 0.0797322315829202
0.145 -0.158777682189864 0.147101247905435
0.146 -0.181395027112586 0.119872050836964
0.147 0.168071607788553 0.0724701196155787
0.148 -0.161669115972108 0.13180830458618
0.149 0.111459721099844 0.117968750665142
0.15 0.241517641612307 0.113818278063155
0.151 0.348463108151475 0.137668679681528
0.152 0.337917725894661 0.135648882989483
0.153 0.503679918507887 0.170951641434748
0.154 0.191659334560942 0.119084387225582
0.155 -0.0500333303444813 0.134063042744933
0.156 0.249724736500371 0.150204811554831
0.157 0.0266869876134835 0.0794147171258595
0.158 0.0398469158008539 0.155525628111786
0.159 -0.292211816554523 0.165798823073201
0.16 -0.0673974025450125 0.108544406294467
0.161 -0.0741265198836587 0.128245031859803
0.162 -0.0718282764806587 0.147088028779494
0.163 0.319616927116128 0.107821368264809
0.164 0.378607126058336 0.142691418451975
0.165 0.159049451774661 0.202549023027386
0.166 0.495560280860454 0.170011713864143
0.167 0.318437410610083 0.26849951957952
0.168 0.0618686567215884 0.162309350966626
0.169 0.287864290402876 0.170335257606665
0.17 0.147143342704393 0.0799395724307267
0.171 0.202676286017701 0.162681588309682
0.172 0.159423634515488 0.125660362159994
0.173 0.0297360166543136 0.0574313366806233
0.174 0.143926855732339 0.142057540338545
0.175 0.012139823571985 0.280831541610265
0.176 0.0803215716326437 0.0683106190789107
0.177 0.0904052938247337 0.173983499961013
0.178 -0.0321502526526292 0.0750788591598606
0.179 -0.0581412003577116 0.103597532930764
0.18 0.245243768429461 0.0669670170741345
0.181 0.0935000361284282 0.178846407623692
0.182 -0.0930585061636674 0.0785474567791824
0.183 -0.180868352243528 0.0615517258978927
0.184 0.177500198021608 0.0781201519183663
0.185 -0.034432230773829 0.0327203648372711
0.186 0.330472070275382 0.106711527097803
0.187 0.0460623679457738 0.243419516678144
0.188 -0.13227750296642 0.00337890989719434
0.189 -0.0590422404720123 0.0984882836713181
0.19 0.129035969934177 0.148673320274274
0.191 -0.111048476897664 0.0825806540480811
0.192 -0.0283418314475763 0.0612532198359891
0.193 0.0797833508507776 0.0950832215756829
0.194 0.00790458009099274 0.153537646253263
0.195 0.164343739084583 0.243253551730529
0.196 0.188331170617946 0.0353808618584914
0.197 -0.115102162848216 0.074408707859074
0.198 0.0649619664808887 0.0403298911990927
0.199 0.110072981864473 0.15842669637562
0.2 0.00931052315182725 0.179758869179128
0.201 -0.0844586043033718 0.0332098305818007
0.202 0.107363637192768 0.0308062728636939
0.203 0.109340460678937 0.189059891418164
0.204 0.165233496316993 0.128657607740074
0.205 0.228955702896883 0.0577635134686612
0.206 0.0682500438364604 0.121378073927015
0.207 0.0760319114197502 0.179950796035287
0.208 0.0426522392250054 0.127273682241837
0.209 -0.0498792067993802 0.183472162273902
0.21 0.046131527108941 0.0752669254591296
0.211 0.218749811819194 0.117466793069429
0.212 0.110193826911278 0.128830667571593
0.213 0.25577850020379 0.10607911079745
0.214 0.139928782609154 0.150094776580962
0.215 0.0224261865061474 0.091078672016564
0.216 0.419747953884313 0.154970147350449
0.217 0.172727826100902 0.0870008419477079
0.218 0.157868302991172 0.0644402544204655
0.219 0.24879229240357 0.117567518053009
0.22 0.209862907521877 0.0448276176626283
0.221 0.249665211800711 0.101114762681061
0.222 0.0614627136426741 0.103996589749713
0.223 0.337121892065754 0.199778153042845
0.224 0.197616874702645 0.165003834438085
0.225 -0.0139586019358407 0.161838265102735
0.226 -0.0604992044390302 0.100774689253216
0.227 0.186904817657775 0.0703887618223207
0.228 0.234342009508581 0.122631258065221
0.229 0.240029749378039 0.214484859443626
0.23 0.107237659740254 0.046455774444394
0.231 0.293553124892552 0.231410118353666
0.232 0.0572956516644372 0.209564185168127
0.233 0.321173334991024 0.0715261100279246
0.234 0.271084520672031 0.0890183925253034
0.235 0.352854179157878 0.266794453488221
0.236 0.121679415187543 0.0783853124456868
0.237 0.172691895333912 0.188291215172428
0.238 0.101852734495969 0.0719619152199484
0.239 -0.0396751789183356 0.0912471790474523
0.24 0.261150699946394 0.0590255895286087
0.241 0.19867429955178 0.111847965409322
0.242 -0.193550121155332 0.0820067085816916
0.243 -0.092657782929005 0.135426788514227
0.244 -0.0396309456508671 0.0749624524072651
0.245 -0.0666773629539937 0.153881939923757
0.246 0.179236042762069 0.109267595276405
0.247 -0.201461266527984 0.109503886685183
0.248 0.456563618425792 0.117370100413727
0.249 0.0724088027461526 0.137442220800872
0.25 0.172404021883954 0.0375086722764588
0.251 0.109238483568012 0.180989826576004
0.252 0.210862984045733 0.0787352244030606
0.253 0.106487195841814 0.160686609649946
0.254 0.0105651045142354 0.148748504992722
0.255 0.0464870936365821 0.0554363516513937
0.256 -0.0308731294711699 0.0720505510393595
0.257 -0.0686115635531092 0.110825877309346
0.258 0.340412230494713 0.116302848025516
0.259 -0.149158058069203 0.121228321822178
0.26 -0.0558094396652644 0.0295805985611789
0.261 0.330638291677952 0.0814494227266972
0.262 0.33652162197607 0.182564050063296
0.263 0.483998298596348 0.0914927092529847
0.264 -0.116452035343861 0.121932710114999
0.265 0.178226958259841 0.0927556067348535
0.266 0.159160495982177 0.145138424754858
0.267 -0.116797246347888 0.105325342143362
0.268 0.0698712899487089 0.150089566538552
0.269 0.124958319312796 0.0708514946993512
0.27 0.271100977385455 0.0678528110110293
0.271 0.333157617038302 0.0838101346776986
0.272 -0.0441196618194836 0.152460888166318
0.273 0.361897855912898 0.128824814341052
0.274 0.0544205249615907 0.110510558206246
0.275 -0.0817169284458559 0.127347440858156
0.276 0.017120700834312 0.116968592874922
0.277 -0.177294184612658 0.0753087224332468
0.278 -0.0329936445871257 0.00857823730859222
0.279 0.335525829042393 0.141260784275882
0.28 0.260033971953175 0.0583254602529495
0.281 0.018821462701993 -0.0110430529487585
0.282 0.188226903297808 0.137318183014909
0.283 0.156211443845383 0.00461689507281264
0.284 0.0398461946747831 0.0632412700153989
0.285 -0.00316295681664774 0.158114995074314
0.286 -0.00495920884946187 0.172139545591823
0.287 -0.0257192454510485 0.133561381795459
0.288 0.00933977455423578 0.187466839877934
0.289 0.00612426659324052 0.0575611763496407
0.29 0.12259560039002 0.0663625697457088
0.291 -0.0396247558465851 0.107977992120225
0.292 0.153283637396013 0.0452696010662485
0.293 0.00267792874299382 0.12297394235687
0.294 0.391428371133664 0.153309310464979
0.295 -0.11509212085149 0.101070944723122
0.296 -0.12595999032218 0.130521435908762
0.297 -0.0709652999665704 0.0659242703323045
0.298 0.283765450529902 0.177832304556493
0.299 -0.178041528618871 0.116838782590533
0.3 0.0203442973967027 0.0341712314839113
0.301 0.058079221816447 -0.0331665729969883
0.302 -0.0594718075934053 0.120914289708261
0.303 0.254382558921756 0.0351600439166043
0.304 -0.0882256100479246 0.143388544783961
0.305 -0.0427493732694224 -0.0458267646706214
0.306 -0.13100091568848 0.130031042726168
0.307 0.0772936939659188 0.0240996688292385
0.308 0.341439387240924 0.200705336711322
0.309 0.279208450764081 0.128116486852491
0.31 0.132996407664868 0.0647560916154427
0.311 -0.11805267053697 0.133401277830914
0.312 -0.0556182941589715 0.012798791260165
0.313 0.177993248015518 0.183142814285404
0.314 -0.128749818472094 0.102319915338977
0.315 0.279308893035866 -0.0564948729680578
0.316 0.332366289298081 0.186149570087513
0.317 0.18824199790787 0.0704924520262653
0.318 0.186973225075261 0.131007382431532
0.319 0.0651293567262927 0.0476242062972687
0.32 -0.151810134771264 0.122821089544756
0.321 0.268608143527837 0.0528716401623667
0.322 0.248733630203926 0.191301582053422
0.323 -0.00784908464377921 0.0567833705747729
0.324 0.0265396492696073 0.0706362943815452
0.325 0.152654766490921 0.0753143177583882
0.326 0.200517746560432 0.227848413192398
0.327 0.133062705266385 0.0944956173501618
0.328 0.120113992489911 0.0519445255858425
0.329 0.103820685217451 0.180923914580641
0.33 -0.168246227499876 0.0865070600044824
0.331 0.063359859051534 -0.0276254893517573
0.332 0.253059676609696 0.172751268510335
0.333 -0.0250905996779903 0.110211184959631
0.334 0.150070638218852 0.138112106010096
0.335 0.103527183606414 0.128098642639284
0.336 0.112625232892699 0.139598041402502
0.337 0.213020682500286 0.0970484327435387
0.338 0.0114271436756722 -0.0401761115684089
0.339 0.205404943892354 0.10116948421866
0.34 0.198400284424733 0.0121163077759946
0.341 0.0941052164370579 0.0225174837075534
0.342 0.0256811155849799 -0.0536661301420938
0.343 0.0242965229613545 0.0612008764882249
0.344 -0.174440937726769 0.00895488945970429
0.345 -0.321257686309638 -0.0114458028039352
0.346 0.239930325838888 0.0848946827501803
0.347 0.140722563331282 0.231472455956296
0.348 -0.278057325251793 0.0442993682716707
0.349 0.418037903633153 0.0681393231934348
0.35 0.282078858269062 0.105676024337811
0.351 0.493844021773383 0.0436445288801887
0.352 0.200630791902861 -0.00727442810964764
0.353 0.126143217097362 0.188417507999007
0.354 0.0899720168156387 0.09248035714208
0.355 -0.183811252565336 0.0913190016144993
0.356 0.253755397253869 0.128258325455409
0.357 0.139393795805781 0.178204483435222
0.358 0.0148861821856166 0.0309028244001858
0.358999999999999 0.116869929480102 0.0490793922939878
0.36 0.26050414059723 0.0852135762379367
0.361 -0.138630684804501 0.0239610246428245
0.362 -0.0165819685378441 0.103575169487864
0.363 0.308847897824852 0.0515968640115351
0.364 0.28086471591743 0.167567960943837
0.365 0.267492304451976 0.00523365040117563
0.366 -0.0693456089587076 0.0419186466988198
0.367 0.10107159286011 0.0156048347923961
0.368 -0.1837207341956 0.0356444997308709
0.369 -0.0522977421926924 0.0336223424127245
0.37 -0.0709411564936578 0.1818860295873
0.371 -0.211256273511132 0.0742083337667344
0.372 -0.149611231863697 0.056521167497523
0.373 0.260516254425223 0.24719708473814
0.374 0.0623175435650571 0.164312399648521
0.375 -0.170734721016772 0.141440927239418
0.376 0.153282394480507 0.0604094177591878
0.377 0.195249576616652 0.178035967121445
0.378 0.207794845592686 0.0503767375031711
0.379 0.13615089541405 0.181147439240741
0.38 0.250537135643812 0.217754791788421
0.381 -0.207480040208368 0.0290285908792494
0.382 0.0992622082489632 0.0385904732858573
0.383 0.168093311855233 0.205477634739597
0.384 0.00311196053571863 -0.0464507223428161
0.385 -0.185879750401323 0.0123900360309043
0.386 0.0581317062819238 0.196524733597181
0.387 -0.260605952786644 0.10185155509983
0.388 -0.214507692315972 -0.086728399184006
0.389 0.0283169322877446 0.0578613059127387
0.39 0.00364791601210702 0.106045989004403
0.391 0.491663839946484 0.105001305779229
0.392 0.242853720494476 0.172629533835385
0.393 0.146029745859097 0.0730264447636363
0.394 0.468826795102111 0.0398430632855523
0.395 0.134083875883612 0.0383171318157221
0.396 0.12442438608028 0.0722428515482724
0.397 0.271329943193182 0.178916356610973
0.398 0.199165469891485 0.0340462967076179
0.399 0.0814251307380429 0.142473540486882
0.4 0.231912535095514 0.0922927308260712
0.401 0.252262123986529 0.096840316255655
0.402 0.0891189572879305 0.0317591138979
0.403 -0.0250120408924168 -0.0974576207147726
0.404 0.0921970043119629 0.0898106983393377
0.405 0.0758358730740483 0.0155675961397352
0.406 0.25691092251702 0.122580325821316
0.407 0.588473552465761 0.183840704149287
0.408 0.37215819823781 0.261857577930826
0.409 -0.0261936916481087 0.106737538225548
0.41 0.130347699372034 0.0723204020415511
0.411 0.197918396762396 0.146417763331402
0.412 0.0688539665173021 0.0858471475605144
0.413 -0.0765928014246716 0.0242582472921978
0.414 0.0537008081582891 0.0597147338827581
0.415 0.284105560093264 0.128668187985839
0.416 0.145902935574331 0.182609082989266
0.417 -0.204719724813749 -0.00363761270799211
0.418 0.142440633356048 0.115737500998524
0.419 -0.0637573704872764 0.100170900692942
0.42 0.189724579091444 0.0396542708776861
0.421 0.117078751933259 0.0557852637209197
0.422 0.0575859079778291 -0.0643895873862186
0.423 0.113285061728582 0.0581448422545048
0.424 0.345094779365676 0.137414771641449
0.425 0.380912975931873 0.124052226995255
0.426 -0.176354237941538 -0.103731574635343
0.427 0.156058901956503 0.0412615599329824
0.428 0.0136691502015154 0.132696011666363
0.429 -0.0265017855155127 0.0606490576073951
0.43 -0.0443027792193037 0.0909077290492206
0.431 0.149158990033106 -0.01881999548059
0.432 -0.189463404263976 0.0966241517803776
0.433 0.0770094234458246 0.0357296176915996
0.434 0.0844918574751265 0.00490792474208876
0.435 0.161179696219561 0.201167075968942
0.436 -0.0651608418820778 0.091661111135045
0.437 -0.0593888436222482 0.0323398718515011
0.438 0.276097926220151 0.181934418888346
0.439 -0.243510412623534 0.00461389719813742
0.44 -0.0748408448345126 0.0113311961647712
0.441 -0.0771764774661004 0.0147738199485759
0.442 -0.347916854650362 0.157869537678404
0.443 0.0719242296688183 0.0811403231131683
0.444 0.0824189567492328 0.0609197081294855
0.445 -0.0150540406557621 0.23078329732812
0.446 0.155533036223203 -0.0518253592812582
0.447 0.110767657420442 -0.066071906246632
0.448 0.204429689401788 0.0312503425670046
0.449 0.0721441293171025 0.128344587885066
0.45 -0.0140365453574233 0.0682236694400851
0.451 0.210024352624282 0.0663685432105593
0.452 -0.113103219505155 -0.0207066828519149
0.453 0.164563207004213 0.0407576503856258
0.454 0.19718862861671 -0.000874765456800971
0.455 0.113237185021702 0.0909863619826091
0.456 -0.0517753260871857 0.0538892660051818
0.457 0.0812166809431013 0.0775689325047514
0.458 0.0344107511675987 -0.0361912871776474
0.459 0.170565395043936 0.130850097171426
0.46 -0.10196733456857 0.0273361830146002
0.461 0.125060514854019 0.0396389713312004
0.462 0.183007415699927 0.165225646953544
0.463 0.37764082777573 0.0456749868317029
0.464 0.147314681767375 0.139214310929526
0.465 -0.0122813212873111 0.205063004090577
0.466 0.3606471783726 0.163157512345363
0.467 -0.0417928101859272 0.0661506993437537
0.468 -0.0599841745823058 0.0230462357075529
0.469 0.369853879168914 0.169700239266062
0.47 0.0573444415311372 0.164974322860648
0.471 0.114382113102511 0.124894241692418
0.472 0.202264206149536 -0.0140907303409646
0.473 0.061152544042338 0.149569813703847
0.474 0.143714552073277 0.025257325595123
0.475 0.14489022816683 0.148671094416515
0.476 0.231849733438978 0.0455600372374942
0.477 0.265228223934613 0.0808237338022775
0.478 0.198304591282395 0.101244976627164
0.479 0.0526074710340172 0.0922338253112046
0.48 0.0705416425528453 0.0195699760659076
0.481 -0.0451165517939954 0.0526456940743467
0.482 0.185155923822446 0.136778318382572
0.483 0.158529060138495 0.174013561466515
0.484 -0.197171337390688 0.029842992140148
0.485 -0.198005882003333 -0.0391251212408737
0.486 0.0725474931878883 0.0868382635524103
0.487 -0.0660453950182669 0.150892457674606
0.488 0.202911056535016 0.0688579039452161
0.489 0.0630403178649844 0.087419078916607
0.489999999999999 0.204842528735228 -0.0219351831335485
0.491 0.254625195716321 0.0745079817637937
0.492 -0.038232776040113 -0.0353564175372287
0.493 0.348173949949731 0.0688292210794623
0.494 0.010785181878262 0.158979989541716
0.495 -0.0687188990884596 0.0795719700216839
0.496 0.292083479228002 -0.0265727942499931
0.497 -0.00939413347455616 0.112024183938593
0.498 0.270445929036821 -0.0114345190595089
0.499 0.339049176864916 0.0890169488422431
0.5 -0.262088139037317 0.110641779470265
0.501 0.0119958536807858 0.124256878030563
0.502 0.246671830467753 0.187303835535605
0.503 -0.0254155005808383 0.0229185576982433
0.504 0.0405822655962984 0.111874424249399
0.505 0.354430058535368 0.0843676946255847
0.506 -0.0820408545246468 0.119813816003237
0.507 0.334370528605326 0.120615565664583
0.508 0.243469989282343 0.0422253511577558
0.509 0.0701557773314024 0.122789306745799
0.51 0.0271976844483058 0.0550717842212991
0.511 0.262283404642518 0.0855463814151501
0.512 0.129877382030932 0.113892670264383
0.513 0.424954790900121 0.258118286925561
0.514 0.308098382106782 0.113691033470419
0.515 0.0657778102085141 0.14742472633789
0.516 -0.00772982307348503 0.0160059150515208
0.517 0.53860686356974 0.1072443577436
0.518 0.0210326104453979 0.155911560633235
0.519 0.285910837541719 0.0916902531390211
0.52 0.226964311421811 0.0975467508325279
0.521 0.0948439094280005 0.112891001000548
0.522 0.25101212724376 0.139787462883349
0.523 0.245709301960939 0.183504299565238
0.524 0.00583859372671599 0.190046593595886
0.525 0.0899640382862593 0.198343970986585
0.526 0.223511443162392 0.217420369544169
0.527 -0.108371629488265 0.115588548436656
0.528 0.426444667461844 0.161192867364527
0.529 0.472915154754505 0.2540230659373
0.53 0.240257457692873 -0.0309053935191397
0.531 0.247499060636965 0.212986498746008
0.532 0.187858872434387 0.0662143147097422
0.533 0.0859536901499703 0.0384318668292493
0.534 0.0557376108197353 0.0816752175145711
0.535 0.131982892559586 0.249262112304596
0.536 0.29409679493302 0.00755932394877895
0.537 -0.089261666050864 0.125297255627332
0.538 -0.0648262609082849 0.116288992959918
0.539 0.209092906010032 0.155564785692674
0.54 0.103959508516834 0.0551781261571812
0.541 0.211612744661952 0.193577845802565
0.542 0.256469358436717 0.0159919066143042
0.543 0.225695600122323 0.175775750597986
0.544 0.349033842144502 0.0916170195344396
0.545 0.398556383772436 0.180285513161572
0.546 0.367781797482827 0.0417755671907602
0.547 0.124536999926321 0.269419101550292
0.548 0.272566684215014 0.089165409261746
0.549 -0.00912416408844832 0.0154932843876325
0.55 0.0277255591624484 0.0783319240742981
0.551 0.086510439776076 0.154701816803089
0.552 -0.183583454087347 0.143570969759687
0.553 -0.159388864213834 0.197185807871154
0.554 -0.0184896705832519 -0.118085715783839
0.555 0.0513765331321143 0.151853115910199
0.556 -0.071307125276036 0.0501414399825549
0.557 -0.0752100231308323 0.173112678064496
0.558 0.402118784377017 0.113659648960957
0.559 0.0946862141491803 0.169921413764039
0.56 0.182566773080857 -0.0373093074630724
0.561 0.0914975936950324 0.123098075038375
0.562 -0.0822917133123523 0.0685172497288598
0.563 -0.0282321645460831 0.105411006274922
0.564 0.238360088862086 0.171127321536141
0.565 0.20452615476674 0.135151538080876
0.566 0.0321744172894972 0.196297239124914
0.567 -0.0482348712415131 -0.0203430138419255
0.568 0.316375466493133 0.170295644037534
0.569 0.172811533956702 0.253196245509779
0.57 -0.134769224374838 0.0397617315675006
0.571 -0.187060436174188 0.116847228805479
0.572 0.159388859212947 0.1725462434047
0.573 0.0901557793778302 0.0626714716639532
0.574 -0.150941604138595 -0.0147764217913314
0.575 -0.0983453706573083 0.198567967859779
0.576 -0.0793547375320601 0.0432873468107181
0.577 -0.0197366855387514 0.0991222612159339
0.577999999999999 -0.0891959679780462 0.0450641033902736
0.579 -0.02853361307197 0.117137355944595
0.58 -0.230700347335458 0.102474232073943
0.581 0.379509129108815 0.244433304952884
0.582 -0.0430524849871159 0.140168789598109
0.583 0.267467906058169 0.0912775106599487
0.584 -0.00720732432859032 0.14295403876428
0.585 -0.161916735050975 -0.0435433467265726
0.586 0.078663524225165 0.0151404457637992
0.587 0.23699922548275 0.194076457814205
0.588 -0.0842724609838882 0.0228301634430134
0.589 0.20320456735336 0.00161318749583936
0.59 0.126091022219755 0.0505896365569483
0.591 -0.193196007735116 0.145171573666425
0.592 0.0844474178226634 0.124540105047439
0.593 -0.0256325752668739 0.162467999813202
0.594 0.183945409726138 0.0928976957303777
0.595 -0.142280538174299 0.079345798935722
0.596 -0.420278326860407 0.107803082580002
0.597 0.00246240374099981 0.0703726928813986
0.598 0.065914964540139 0.122778145046071
0.599 0.00429475645529201 0.126389266585282
0.6 0.137381244775863 0.175758623693214
0.601 0.116997788308868 0.0315831620816814
0.602 0.127126742665458 0.164570558740139
0.603 -0.0643905608714245 -0.0206051578331284
0.604 -0.00198369511488228 0.00389265809120835
0.605 0.287338629721545 0.189582502243225
0.606 -0.236209776658896 0.0884746499157269
0.607 -0.0677449336307983 -0.0175389906245895
0.608 0.0774443192024738 0.0978333669147581
0.609 -0.0452178788903061 0.052894457830291
0.61 -0.0477045429963904 0.0130623775705638
0.611 0.0700178337621505 0.0189337670946239
0.612 0.280594879487935 0.099744563536085
0.613 0.0446038699217731 0.0499462899207614
0.614 0.105887777972608 0.136339568947616
0.615 0.358635643075677 0.184407967991785
0.616 -0.0659454316580646 -0.0212985965316475
0.617 0.158818299921874 -0.0314023880768886
0.618 -0.184950192239005 0.055842653009428
0.619 0.0590850985569723 0.0755566198417455
0.619999999999999 0.0781209193838856 0.00283483908386902
0.620999999999999 0.250978723528224 0.0995246393394501
0.622 0.217461450001191 0.178223872794978
0.623 -0.142287528368627 -0.00548458832462326
0.624 0.0264337910181065 -0.0359151306827429
0.625 -0.29632773971623 0.0144323325552571
0.626 0.270381498543932 0.104472835427004
0.627 -0.0111722403873926 0.0884100674872006
0.628 0.116957593234634 -0.0880775423669515
0.629 0.263807989477854 0.00906627290696538
0.63 0.042440288088629 0.0621003206961806
0.631 0.0531699039850294 0.133510594878643
0.632 0.177301546392165 0.0977023023719414
0.633 0.0061299935897734 0.219716696700702
0.634 0.0208136393922186 0.0462648338721328
0.635 0.113810551162287 0.1580424532709
0.636 0.0858597752271756 0.089577616685731
0.637 0.325967394503913 0.143031088452848
0.638 0.244529025030651 0.117186796266873
0.639 -0.0508936640902165 0.00270020911846743
0.64 0.19072773641867 0.126403253710536
0.641 -0.0334436413471766 0.0341958280193876
0.642 0.0924410793179498 0.041860619160057
0.643 -0.15832138080891 -0.0986585243430566
0.644 0.0493629409053045 0.0390522409191544
0.645 0.124152585917472 0.135896392662579
0.646 0.105994752422879 0.0732556918511186
0.647 0.486980965975881 0.17800175100322
0.648 0.126185792041716 0.188892745642531
0.649 -0.115458176843414 -0.00641160517803249
0.65 -0.252209745592191 0.054353486445528
0.651 0.0807879027613749 0.0874783612865347
0.652 -0.253737707363605 -0.0102440992848086
0.653 -0.0359501104833879 0.0845766340543002
0.654 0.209122284566198 -0.0385559973671515
0.655 0.0923122650108037 0.0237582846893015
0.656 0.163742167008386 0.00534108851247581
0.657 0.0384582229858837 0.0817039813663774
0.658 0.199520605411881 0.153868676391265
0.659 0.241246424363567 0.142046234730258
0.66 0.0664573105329189 0.117308415844764
0.661 -0.206460884143474 0.0370360839532008
0.662 0.339012089583863 0.0741872506431527
0.662999999999999 0.22746737753711 0.145572857378583
0.664 0.0969272723327161 0.0357072713441864
0.665 0.271417572547653 0.0788323828918729
0.666 0.576070395915693 0.176808218803014
0.667 0.271451882479968 0.0995813664538219
0.668 0.323504802776029 0.167081661156473
0.669 0.182835360363369 0.135773553805309
0.67 -0.22801323253018 0.160421549690087
0.671 -0.309016006029301 0.0527254577438247
0.672 0.11983670762021 0.0505047228523419
0.673 -0.123687688197848 0.127355619702852
0.674 -0.089807217223412 0.120244539777644
0.675 0.320353024342585 0.0514281318994273
0.676 0.100772960999309 0.0677716265294333
0.677 0.115632052872629 0.102866921183639
0.678 0.0206609249731553 0.0432000022402179
0.679 0.110248832327178 0.0847286353081036
0.68 0.110554217150083 0.173643668218402
0.681 0.126629798449118 0.00515263826059346
0.682 0.513915945613929 0.166522331186474
0.683 0.252837699306917 0.261190838105161
0.684 0.358841020876052 0.0990057600034383
0.685 0.25179131168646 0.124266088749733
0.686 0.0149042986820804 0.17143028452028
0.687 0.238044447090527 0.148100053959838
0.688 -0.0960186523124622 0.139141910508898
0.689 -0.239275011887719 0.00802004699773223
0.69 0.101283490454379 0.100741096364136
0.691 -0.0582861554921085 -0.0665269551838117
0.692 -0.0607431741221972 0.188325090332068
0.693 -0.228047355399122 0.0528536622212985
0.694 0.315880717184907 0.170617200957572
0.695 -0.0982889745974739 0.108060209095562
0.696 -0.0355710034825645 0.0123287712214117
0.697 0.00866210588230372 0.0496631243769074
0.698 0.278966994436415 0.194569394703197
0.699 0.231046365893625 0.0948066474507486
0.7 0.227157840142222 0.0608523515241458
0.701 0.158913828069448 0.0205848015884577
0.702 -0.0767943046236574 0.157453159400911
0.703 0.236438475385193 0.0759157964080699
0.704 0.476945904488685 0.118507548441084
0.705 0.0382391393124854 0.0822116081453549
0.706 0.205819861970638 0.0903206940160714
0.707 0.0607216849911306 0.110663737914229
0.707999999999999 -0.284427003214793 -0.11380557763381
0.709 0.279116382123506 0.0848242977722277
0.71 -0.148541951278773 0.130951021154006
0.711 0.219568128665671 0.110800959273392
0.712 -0.0724504990060796 0.27778637678259
0.713 0.0332893133991954 0.0364711013649539
0.714 -0.0534332308258284 0.222203364521661
0.715 0.237984454124791 0.113723858358032
0.716 0.31755470914247 0.101734669385908
0.717 -0.00501673699118541 0.174068197027307
0.718 0.172452433915372 0.148805299260647
0.719 0.0205774575097195 0.0150887477338499
0.72 -0.213609754041053 -0.0151632248653278
0.721 0.209110219679838 0.0783057647035671
0.722 0.0372869212879031 0.0885539586059978
0.723 -0.137885477167761 0.0626497051308421
0.724 0.21496031518146 0.0663769657270507
0.725 0.242696564627272 0.0843096225443287
0.726 -0.0164854220988271 -0.0440563577140431
0.727 0.221774834474672 0.161166847263631
0.728 0.065229639353563 0.100056174841075
0.729 -0.0819128973275195 0.0371334999243306
0.73 0.0105451836818968 0.125479840048206
0.731 0.205917137394926 0.0215958369022352
0.732 0.235916200979485 0.11562770237399
0.733 0.0860301909791774 0.0640788392663776
0.734 0.137114082327448 0.207738961897072
0.735 -0.0158626349913255 0.0774706325256941
0.736 0.429540966104728 0.13088721710356
0.737 0.396381308677233 0.146709001758815
0.738 -0.0466233708202955 0.165680662272605
0.739 0.318183879965055 0.064497282675387
0.74 0.379345553478553 0.132904065676215
0.741 -0.11537605052384 -0.0144483910766694
0.742 -0.0259679615486659 0.211831382258922
0.743 -0.130131300137193 0.0580018127889749
0.744 -0.00818205155185994 0.0628233235196482
0.745 0.0121559197017754 0.0399863807895029
0.746 0.268214295519579 0.135611929814333
0.747 -0.0172199586467663 0.0845745803261648
0.748 0.103867223949725 0.0859990783356521
0.749 0.0894096033319561 0.125531666572286
0.75 0.210386946809573 0.0671350117373725
0.750999999999999 0.302414963781601 0.090714947824858
0.752 0.231124336780269 0.0702880104021738
0.753 -0.0352950075600747 0.0525710006111536
0.754 0.272861639618316 0.134871123354573
0.755 0.0606117716980396 0.132546550257715
0.756 0.330198817592112 0.083815684069396
0.757 -0.0145486370408331 0.100494572618502
0.758 0.314618111917619 0.0970441473580657
0.759 -0.220634524305528 -0.00869343684554632
0.76 0.33166772850452 0.113144653502468
0.761 0.256274914155606 0.20329842846547
0.762 0.272709443525742 -0.00784853871439382
0.763 0.376805800711492 0.143846602700472
0.764 0.00216606897552449 -0.0974038490212106
0.765 -0.110747599105571 0.124668279944919
0.766 0.160422907172309 0.141951625389624
0.767 0.277695179065675 -0.0309375184970981
0.768 -0.0260669151365245 0.168954444789918
0.769 0.0881438484711047 -0.030947594872426
0.77 0.244217216597222 0.00536728918967553
0.771 0.210338040030269 0.0660152544381986
0.772 -0.0489081393458803 0.133492195092364
0.773 -0.0380465663518997 0.169359795943216
0.774 0.0139075735250619 0.0176318378833766
0.775 -0.0364942824826794 -0.0115275762377283
0.776 -0.215708691635484 0.0448752499582551
0.777 -0.153558880313312 0.000851572152670003
0.778 0.281147718405032 0.0725135252404963
0.779 0.0958324854142824 0.0376934243484031
0.78 0.0480734191860262 0.100710196132493
0.781 -0.137569288184098 0.144856947330203
0.782 0.427236209310759 0.0497215660804213
0.783 0.287572265739993 0.179479023932746
0.784 0.183201963161143 0.0898131462708584
0.785 -0.349176561836086 0.15118524235369
0.786 0.0295221673360824 0.0662781041434343
0.787 0.00155185065589079 0.0714834168781508
0.788 0.0774307941623725 0.0545604124176594
0.789 0.174554848628486 0.134434660720492
0.79 0.362203064804363 0.0525892368874252
0.791 0.325872177053285 0.136805592695998
0.792 0.0783779581237949 0.0814062433052686
0.792999999999999 0.258852026223355 0.0627041703235348
0.794 0.0376568785352913 0.0487188741559657
0.795 0.269763814307252 0.0747619467661531
0.796 -0.227332820268305 0.258837979659728
0.797 0.267663522708606 0.157965993265159
0.798 0.194281378809728 0.18114617626706
0.799 0.116767312190674 0.0859634900941685
0.8 0.14777185414105 0.173762031998445
0.801 -0.0511480708161929 0.271427080935315
0.802 -0.0519467555498927 -0.00153144006690266
0.803 0.00822423095493412 0.159393537281083
0.804 0.257397876896574 0.0477660595998349
0.805 0.0883461662769436 0.194668828880167
0.806 0.0385748971595691 0.0905039408594514
0.807 0.228170797366722 0.105591265555409
0.808 0.0315975759167026 0.104868729195241
0.809 -0.133112986403841 0.0521794912926903
0.81 0.335370361977428 0.241446576882115
0.811 0.0213669370097654 0.363189842553052
0.812 -0.238167452752951 0.0682164759463521
0.813 0.0454157917593798 0.056246993115901
0.814 0.132749870132663 0.0437043441695102
0.815 0.0117584841580514 0.067489825684772
0.816 -0.19510552293919 0.135211720390901
0.817 -0.0877115620282494 0.0437664637613568
0.818 0.318202590640967 0.0345806507591793
0.819 0.0139020462937429 0.0643795849372927
0.82 -0.0054344474470803 0.0044063681907966
0.821 0.234914911354406 0.306974278394264
0.822 -0.044113653778966 0.241769317750912
0.823 -0.0620948415135116 0.0456975697780639
0.824 -0.0992468179466162 -0.013829722745277
0.825 -0.139785064579473 -0.00768237597318223
0.826 -0.17536034478322 0.13699208028742
0.827 -0.295857213281375 0.0929014964972504
0.828 0.151264572887743 0.06693935111874
0.829 0.169534490051273 0.098210085711382
0.83 0.409832081042587 0.30523382286021
0.831 -0.0655044380428067 -0.00722015767398522
0.832 0.295616589997053 0.151809002009902
0.833 0.226122340886092 0.277905291048474
0.834 0.27884417478916 0.146959081705297
0.835 0.0251691502181841 0.147227193601284
0.836 -0.210777982094999 0.0839824349561835
0.837 -0.154807882969149 0.0627382704622001
0.837999999999999 0.439320088289552 0.113025592600708
0.838999999999999 0.189140676253283 0.00898988982716669
0.84 0.278843176189478 0.157610918622281
0.841 -0.0196878504243481 -0.0169131964615352
0.842 0.0245415732755883 0.209796686844189
0.843 -0.012906359852971 0.0957512573548985
0.844 0.419740602307986 0.146427243475521
0.845 -0.0143176707766009 0.209254436386546
0.846 0.107228619678459 0.104436296871384
0.847 -0.0771439410994667 0.0381612043230328
0.848 -0.109685677720192 -0.0848052667981138
0.849 0.492254242498349 0.238786299792425
0.85 0.272536699775382 0.171161365874441
0.851 0.0451766604981859 0.0872357541872707
0.852 0.348628802500861 0.116418093703611
0.853 0.00372096512463757 0.154741994235856
0.854 -0.00722494380212812 0.10692365250112
0.855 -0.0637624584043641 0.164321392787044
0.856 -0.314792620655016 0.0585788773098959
0.857 -0.0985421061152208 0.152539627885235
0.858 -0.0821855655265873 0.107582278513431
0.859 -0.141505632580577 0.020206435346648
0.86 -0.134253477629499 0.0657741868430385
0.861 0.162939391308736 0.0687711185224501
0.862 0.12468037682439 0.197208106264393
0.863 -0.332776165028646 0.109256553323608
0.864 0.170146283541592 0.238651986244761
0.865 0.0289937371777606 0.18540741738454
0.866 0.206844987697574 0.070133123307956
0.867 0.509296959195285 0.124396159810222
0.868 0.306804564757104 0.255931971751224
0.869 0.0556319222298181 0.044778481520865
0.87 0.37934453833921 0.0467150501269963
0.871 0.228396395676077 0.242810535783245
0.872 0.161313774214446 0.0630940704794286
0.873 0.176005059287168 0.143322017247411
0.874 -0.00179291506891951 0.191179586927328
0.875 0.189321238866947 -0.0145143478834136
0.876 0.191955190697743 0.143995818888172
0.877 0.196045301086367 0.09604589823563
0.878 0.448324513238074 0.211309988550966
0.879 0.378828251711588 0.209532870538902
0.88 -0.163478619046897 0.146158024964212
0.880999999999999 0.129706103926739 0.0905442239194839
0.882 0.0954277422991588 0.0628433510502901
0.883 0.140796699269347 0.172381435306421
0.884 0.403256574116158 0.0787166324207439
0.885 0.438061998634545 0.0640664372342696
0.886 0.385769249329136 0.236054290562738
0.887 0.0810816988110726 0.180984843441811
0.888 -0.142149301178156 0.120206724737937
0.889 -0.0792445310769348 0.0934308649910553
0.89 -0.0637850527168108 0.341627585500074
0.891 0.0999288403683065 -0.0329283408130066
0.892 0.125259245248193 0.178813320151155
0.893 0.301540294001439 0.144207862082506
0.894 0.194492658103842 0.183456447061046
0.895 0.360645768928001 0.284680193041967
0.896 0.246535240014108 0.117061418133936
0.897 -0.108600726833414 0.23692368251765
0.898 -0.121990252110261 0.0980317553982585
0.899 -0.0896124888745168 0.183175899918311
0.9 0.304637916079999 0.0417828972672965
0.901 0.193040908093025 0.104299603659467
0.902 -0.0509284169688335 0.12343134857051
0.903 0.442943713759075 0.178037126042
0.904 0.251196491567782 0.169582773888293
0.905 0.202754952405864 0.0913412155339405
0.906 0.159815326389917 0.165146108885342
0.907 -0.0300309873999628 0.0313685364941811
0.908 0.262656518974571 0.151177671446459
0.909 0.117140579872127 0.119813165494416
0.91 0.342514104663702 -0.00507912502566782
0.911 -0.119858513922483 0.189009101796228
0.912 0.205301197098996 0.149818406797585
0.913 0.0284431033370315 0.247348355784446
0.914 0.0210160895672965 0.103534331667779
0.915 0.0531697250053659 0.323150020477201
0.916 0.110601364296752 0.162526955030878
0.917 -0.216560421529253 0.119367683470365
0.918 -0.135246315455732 -0.0505028560448023
0.919 0.155849387216346 0.0367262553397899
0.92 -0.0494291343911312 0.167165922947582
0.921 -0.0326840318407686 0.200336605526257
0.922 0.165656248588882 0.0593976507685509
0.923 -0.104345145991655 0.251536865557921
0.923999999999999 0.368589628357928 0.192374123874167
0.925 0.227309868204484 0.151343401752903
0.926 0.00665563003016775 0.136776662575276
0.927 0.228139688625294 0.156639193121481
0.928 0.254948272916237 0.200723614722531
0.929 -0.0122097952192504 0.174313516519949
0.93 0.0768334269541321 0.141876746299727
0.931 0.0125736835500699 0.0506435109486884
0.932 -0.185863529972698 0.0221666169361359
0.933 0.274260645508489 0.0180866662657174
0.934 0.470655523856625 0.321824523293289
0.935 0.302451932856284 0.182627833802923
0.936 -0.0790530707433462 0.143583274873957
0.937 0.304148231365863 0.0334409379850734
0.938 -0.0515371998033676 0.294273239009804
0.939 -0.0577345246802528 0.0550796007520696
0.94 0.0805166990963555 0.122875592117295
0.941 0.30067158543244 -0.0288400657506984
0.942 -0.110535872533429 0.0621056085538788
0.943 -0.0696016614823139 0.0590270089723561
0.944 -0.141098635169456 0.0543243688315548
0.945 -0.0134791400690006 0.147512711357635
0.946 -0.223986063088584 0.00379033436949676
0.947 0.246090711938054 -0.0105705117584767
0.948 0.1414679021212 0.197861950274893
0.949 0.343843207056322 0.184673455645466
0.95 0.325133790505083 0.0428773819233438
0.951 0.0119438094834443 0.25490796222246
0.952 -0.0685928403383073 0.165837588103416
0.953 -0.0134062182395951 0.0990020647796686
0.954 0.0684344959067719 0.099799789698552
0.955 0.0317613329950999 0.202929362714713
0.956 0.182154569953617 -0.0118826988771152
0.957 0.0929319042707334 0.0429671714011009
0.958 -0.178224076554523 0.139636490186767
0.959 0.0420920024741502 -0.0646079117396454
0.96 -0.0528710277870973 0.113218879197446
0.961 0.00910120366892482 0.0816187941462265
0.962 -0.120797344403073 0.229030503049977
0.963 0.002012859398178 0.00446996601744233
0.964 0.128919183797065 0.0546192115000265
0.965 -0.139406538502384 0.0687727824119805
0.966 0.0303083761566056 -0.10302231237141
0.967 0.368172002068411 0.186315978613955
0.968 0.291276758429293 0.152607267585558
0.968999999999999 -0.126111790657698 -0.0378121260341709
0.97 0.0753175732116067 0.0751134844353157
0.971 -0.16038970694533 0.100730010869863
0.972 -0.419748095999505 0.0363106471156472
0.973 -0.0889529607972152 0.0270834795077912
0.974 0.154240325787658 0.119738431981126
0.975 -0.0241154001930026 0.169484776053045
0.976 0.0232182306246447 -0.0550055184563541
0.977 0.0726121037089507 0.0892593840859803
0.978 0.218799138620317 0.177183969328285
0.979 0.211567245669476 0.174447450475225
0.98 0.296529637384111 0.0287816265012084
0.981 -0.0265405017581574 -0.0235857139306682
0.982 -0.111165895203113 0.152165221450932
0.983 0.080298837418866 0.166314620827305
0.984 0.0536550235839214 0.0894255330959772
0.985 0.0735256162562407 0.14356490115772
0.986 -0.142813281894149 0.215057109575537
0.987 0.0189980700444124 0.0697659272789057
0.988 0.30879372135011 0.112742162027065
0.989 0.438021870117218 0.386231570073726
0.99 0.0854778373539606 0.177425638214555
0.991 0.1895004722059 0.0349249280284462
0.992 -0.060226054834446 -0.00785240554974648
0.993 0.0500638115395949 0.167486108207668
0.994 -0.223146749793553 0.122205476196011
0.995 -0.00945207111778061 0.0637186123222587
0.996 0.10770367221465 0.0918491557787052
0.997 0.112679127200478 0.221846340710617
0.998 -0.274770615824299 0.0774698030141711
0.999 0.232611187065772 0.0728655327137758
1 0.188216174646835 0.168686188011938
