# Fix print output for fix def1
5.98864073561336e-16 -0.280383513283504 0
0.00100000000000049 -0.215270433991315 0.0696369081713454
0.00200000000000051 -0.0415950854604506 -0.0247962552882256
0.00300000000000064 -0.0440675589260933 -0.00674118535106248
0.00400000000000066 0.371062849165138 0.027961220815432
0.00500000000000055 0.251060573193467 0.0400623252032553
0.00600000000000057 0.240922572322146 0.0652431790454712
0.0070000000000007 0.13619546091691 -0.00699824897718567
0.00800000000000072 0.521384881892263 0.0925876104734241
0.00900000000000061 0.145282721523488 0.103836965636591
0.0100000000000005 0.314965684211048 0.128592532264428
0.0110000000000005 -0.167957920200168 -0.00380379158548535
0.0120000000000007 -0.0519035611388774 0.0610163150170216
0.0130000000000007 -0.0372635463554232 0.102696478298059
0.0140000000000006 -0.119860075410956 0.123799876378783
0.0150000000000006 0.2490278646277 0.0549842966183865
0.0160000000000007 0.0491995136259839 0.0756523103272901
0.0170000000000006 0.133344249900149 0.143235916815801
0.0180000000000006 0.0270127174532786 0.14036038984
0.0190000000000005 0.310805758369118 0.071637836653259
0.0200000000000005 0.0683648501097997 0.153053525615659
0.0210000000000007 -0.147168392833553 0.0795425829528615
0.0220000000000007 -0.139552632836331 0.0979268453321431
0.0230000000000006 0.15643853106144 0.0981561581211334
0.0240000000000006 -0.0415839941707102 0.148679640711511
0.0250000000000005 -0.123922136636857 0.143281268516049
0.0260000000000006 -0.0605003981613602 0.161230214778869
0.0270000000000006 0.0464481562766749 0.157705493342611
0.0280000000000005 -0.0459869953186883 0.0551223451982971
0.0290000000000005 0.122669397830769 0.104484522825447
0.0300000000000007 0.131313813343089 0.138931580697472
0.0310000000000007 -0.00745626611976429 0.206872235155184
0.0320000000000006 0.356029047080493 0.0852488632815692
0.0330000000000006 0.123906554733825 0.230366354002908
0.0340000000000005 0.435985076002727 0.0997082105688408
0.0350000000000006 0.488976070023509 0.295222876302416
0.0360000000000007 -0.0250063701841578 0.147147533279779
0.0370000000000005 -0.0338352284591152 0.165592376888999
0.0380000000000006 -0.0207542342304889 0.257109136284971
0.0390000000000007 0.0959672287798079 0.159661359586517
0.0400000000000007 -0.206673790049628 0.167270850382537
0.0410000000000006 -0.305372890478174 0.107720803815919
0.0420000000000006 0.0846982440908463 0.0882726027543764
0.0430000000000005 -0.0252813322575275 0.124189278546813
0.0440000000000007 0.150437553882317 0.151104235935663
0.0450000000000007 0.484948598846103 0.157051693091626
0.0460000000000006 0.298229661003284 0.202586616441197
0.0470000000000006 0.173097836229396 0.222214987854094
0.0480000000000007 0.34339651541548 0.213130557441117
0.0490000000000007 0.0382432771502508 0.191621021335634
0.0500000000000006 0.0907503840950107 0.196776070140671
0.0510000000000005 0.23174785489596 0.122224031752299
0.0520000000000005 0.187714283761338 0.209074348000463
0.0530000000000007 0.14133425070165 0.208796366638902
0.0540000000000007 0.0906225382916117 0.283241931189429
0.0550000000000006 0.268089170956102 0.131135719011721
0.0560000000000006 0.410919758163364 0.20464235497023
0.0570000000000007 0.290746408158253 0.146106641417883
0.0580000000000007 0.00883009512259517 0.194313516915235
0.0590000000000006 0.0502095472258184 0.115321748855694
0.0600000000000005 0.244870618292466 0.163739939746226
0.0610000000000005 0.218125247926936 0.287099008678316
0.0620000000000007 0.308101134892601 0.214102690408488
0.0630000000000007 0.454603468160728 0.208551987543771
0.0640000000000006 0.168577475507735 0.173804440761726
0.0650000000000006 0.423129230572046 0.228666473812757
0.0660000000000007 0.284267334880277 0.195649434412523
0.0670000000000008 0.179542928856605 0.281773472571663
0.0680000000000007 0.360388288446515 0.325441492375227
0.0690000000000005 0.122588827354911 0.317671400059827
0.0700000000000006 0.441072201980829 0.2090019253896
0.0710000000000007 -0.114380693816664 0.262615494824446
0.0720000000000007 0.430643217699415 0.160213236354079
0.0730000000000006 0.432582057050854 0.246551501243345
0.0740000000000006 0.332903366715543 0.076736055611739
0.0750000000000008 0.521274528078405 0.272634028872791
0.0760000000000007 0.513315342804965 0.237011037249706
0.0770000000000007 -0.0179134583722498 0.194037521596137
0.0780000000000006 0.243195723393819 0.223242876769192
0.0790000000000006 0.640314918871873 0.243555600868037
0.0800000000000007 0.44886584500632 0.351040758782991
0.0810000000000006 0.199224069450068 0.136942820667102
0.0820000000000005 0.251040621905357 0.37325565145768
0.0830000000000006 0.299679649546035 0.278136838386565
0.0840000000000005 -0.0389264866276556 0.298735059281831
0.0850000000000007 0.152784849225258 0.208155984658835
0.0860000000000006 0.267327292083769 0.285417074812967
0.0870000000000005 0.075923437593911 0.307263992370227
0.0880000000000006 0.393825191274512 0.300985285579313
0.0890000000000007 0.403816178388298 0.367721853583939
0.0900000000000006 0.426214384544628 0.167212483810766
0.0910000000000005 0.636143197919272 0.389656840438889
0.0920000000000007 0.313606242482606 0.409807770918795
0.0930000000000005 0.0972071808653873 0.2848802193991
0.0940000000000007 -0.0264996198882899 0.299098221249204
0.0950000000000006 0.537524866205814 0.370174524154215
0.0960000000000005 0.360080123066186 0.337112545289095
0.0970000000000006 0.234856799009159 0.151008532672898
0.0980000000000007 0.394264540817052 0.355150553473476
0.0990000000000006 0.682491479747457 0.351285935605459
0.100000000000001 0.428645997511466 0.309287007384854
0.101000000000001 0.19566229708132 0.415061464605119
0.102000000000001 0.323953161453385 0.332588565431264
0.103000000000001 0.272305588544657 0.325065275318095
0.104000000000001 0.205837785657299 0.407305739931784
0.105 0.444904259872846 0.348280671808412
0.106000000000001 0.583565622213606 0.365375325141479
0.107000000000001 0.243035058954224 0.345503892471015
0.108000000000001 0.654383262735079 0.251698477422955
0.109000000000001 0.65895128027895 0.377740220577605
0.11 0.433348094714138 0.287141745319782
0.111000000000001 0.141328994715309 0.304229929678081
0.112000000000001 -0.00613697805557205 0.289162716540635
0.113000000000001 0.36429569178372 0.260227599608182
0.114 0.440377860545232 0.324365318109368
0.115000000000001 0.300066385817771 0.349125570184763
0.116000000000001 0.457848039101636 0.198882471716765
0.117000000000001 0.381747315077312 0.345366106703597
0.118000000000001 0.294260765714868 0.342338824017818
0.119 0.422244975443783 0.268832966278724
0.120000000000001 0.253586898343744 0.316937974265195
0.121000000000001 0.583007719884372 0.402962714382097
0.122000000000001 0.348851718535403 0.417213459417342
0.123000000000001 0.474799526020082 0.401230239974859
0.124000000000001 0.273205353550939 0.296986997740825
0.125000000000001 0.336649381048066 0.356964221595957
0.126000000000001 0.596761382344941 0.278314592012675
0.127000000000001 0.397721946509129 0.360159075493635
0.128 0.266050790179673 0.338763291893984
0.129000000000001 0.592380689965165 0.31678003577048
0.130000000000001 0.240132772596092 0.21002977527162
0.131000000000001 0.492156582482746 0.35055750954178
0.132000000000001 0.347990106598135 0.419377894612515
0.133000000000001 0.48021918271261 0.449751959019801
0.134000000000001 0.0618601118056351 0.307902418027238
0.135000000000001 0.379688329095097 0.300084327626937
0.136000000000001 0.431896097972348 0.362775317385798
0.137 0.183729520031915 0.419188767930516
0.138000000000001 0.335885644360152 0.419105365841165
0.139000000000001 0.352900204262758 0.297686648731969
0.140000000000001 0.257442707306772 0.24861390174044
0.141000000000001 0.188141568558404 0.341192874106461
0.142000000000001 0.431629330487436 0.499727064714127
0.143000000000001 0.291112216561098 0.440350150571435
0.144000000000001 -0.100492277039058 0.373629366868773
0.145000000000001 0.246234407967042 0.319575413424715
0.146 0.219429137131461 0.292540963028187
0.147000000000001 0.214696409476204 0.315537430887949
0.148000000000001 0.367547207320528 0.396067722574986
0.149000000000001 0.473962830586258 0.304764809472937
0.150000000000001 0.513928724221943 0.337107279428958
0.151000000000001 0.571817422581775 0.4299849803947
0.152000000000001 0.560308628246343 0.366298198337611
0.153000000000001 0.366669381366795 0.411163819784177
0.154000000000001 0.333947500695958 0.493600008817552
0.155 0.401755641167715 0.305239642053755
0.156000000000001 0.193581806218091 0.380029134710833
0.157000000000001 0.254406434503582 0.266162081986054
0.158000000000001 0.186605211937913 0.229793511690611
0.159000000000001 0.170283291069707 0.279842145749359
0.160000000000001 0.418574078857147 0.314379955052917
0.161000000000001 0.204800222186638 0.416908490368256
0.162000000000001 0.212663697295918 0.402921768825948
0.163000000000001 0.129598545476623 0.407475942411584
0.164000000000001 0.449397542918607 0.350031404457767
0.165000000000001 0.471401733277494 0.442908057960903
0.166000000000001 0.265029333829543 0.452828536940505
0.167000000000001 0.64372028383573 0.34217053479686
0.168000000000001 0.334599742829915 0.409961959275692
0.169000000000001 0.258392386331282 0.47305973313983
0.170000000000001 0.710237901874648 0.50276775318682
0.171000000000001 0.20642380556333 0.291527010977271
0.172000000000001 0.0450357158952527 0.427169585583746
0.173000000000001 -0.0994008402496741 0.386163077976175
0.174000000000001 0.39035265509483 0.34303279486436
0.175000000000001 0.249106571632983 0.442664610760048
0.176000000000001 0.31016587631534 0.426138389246791
0.177000000000001 0.24796169591269 0.352951027018717
0.178 0.205262814766539 0.359398305903601
0.179000000000001 0.523199506131925 0.471924407166363
0.180000000000001 0.306772658041527 0.381511386925133
0.181000000000001 0.250558279144062 0.306502943063334
0.182000000000001 0.0978573527301587 0.427016847162482
0.183000000000001 0.475398761446413 0.339510928055995
0.184000000000001 0.289058987665787 0.38240916084992
0.185000000000001 0.289841320524246 0.471850019952157
0.186000000000001 -0.0546571305588457 0.315347850419919
0.187 0.42225471808831 0.382023275222982
0.188000000000001 0.388553429978223 0.425310777621597
0.189000000000001 0.478807861539194 0.448875923243281
0.190000000000001 0.484261768520906 0.511461249689806
0.191000000000001 0.482978344446312 0.440513497143945
0.192000000000001 0.529023409357214 0.331334186006632
0.193000000000001 0.452996805729424 0.391821994281345
0.194000000000001 0.219396971985225 0.584445958482368
0.195000000000001 0.371313219878783 0.469864438047103
0.196000000000001 0.474817233743864 0.502043005040133
0.197000000000001 0.390812460494069 0.461224300284012
0.198000000000001 0.377567718915487 0.341825262742864
0.199000000000001 0.357845085177119 0.559084401445761
0.200000000000001 -0.106964074525511 0.41931658767197
0.201000000000001 0.244562679998682 0.473314111689184
0.202000000000001 0.187038327348034 0.468613001817966
0.203000000000001 0.287844799218916 0.370298458705729
0.204000000000001 0.461151927653409 0.390383959877478
0.205000000000001 0.282465336831266 0.41115447560943
0.206000000000001 0.551897273546061 0.472522512284543
0.207000000000001 0.850121604309961 0.5034758601124
0.208000000000001 0.59536433110621 0.513950355181765
0.209000000000001 0.759777211460795 0.610468034541328
0.210000000000001 0.550632998605526 0.521929427647702
0.211000000000001 0.421667300945794 0.580884018258281
0.212000000000001 0.260859335251548 0.531143175558408
0.213000000000001 0.440984139162985 0.521144768320888
0.214000000000001 0.551997201717716 0.570418386195657
0.215000000000001 0.440321859107318 0.595182905968769
0.216000000000001 0.697256422195291 0.453155557185246
0.217000000000001 0.568674358794643 0.532902943033906
0.218000000000001 0.587018875535665 0.542164365896792
0.219000000000001 0.627963412336483 0.521735344051151
0.220000000000001 0.803329583662035 0.606000397839766
0.221000000000001 0.685623854376533 0.685565357883212
0.222000000000001 0.465681177638742 0.65708496052299
0.223000000000001 0.393608012984226 0.512592464551477
0.224000000000001 0.711302086289697 0.607075472507104
0.225000000000001 0.393316779629558 0.469663523325168
0.226000000000001 0.452021751033956 0.582424084146189
0.227000000000001 0.456686706542963 0.621936314565424
0.228000000000001 0.391337232437207 0.511002207919689
0.229000000000001 0.549201312994028 0.619799733011339
0.230000000000001 0.640089718619003 0.556402620071451
0.231000000000001 0.787049288663364 0.644285362244599
0.232000000000001 0.57562040330942 0.559139160198775
0.233000000000001 0.419905900348339 0.722357145699275
0.234000000000001 0.48620568306864 0.627347351981698
0.235000000000001 0.41904448741633 0.64647891319696
0.236000000000001 0.513076662992958 0.580912191746025
0.237000000000001 0.568228315445085 0.672679698680463
0.238000000000001 0.496132349134929 0.585521321054767
0.239000000000001 0.437145538832815 0.687154917102622
0.240000000000001 0.525935208247446 0.624898989506562
0.241000000000001 0.803466639837028 0.64810115411666
0.242000000000001 0.681043681630809 0.674152346762711
0.243000000000001 0.780242508100842 0.685519090132134
0.244000000000001 0.638786629352914 0.716519075702654
0.245000000000001 0.454617411200803 0.595532225095649
0.246000000000001 0.606032173019537 0.646116073596007
0.247000000000001 0.738852221132841 0.653506694546516
0.248000000000001 0.539232296492881 0.577476311320848
0.249000000000001 0.502836520551952 0.652709051250931
0.250000000000001 0.758857759576691 0.756750273855513
0.251000000000001 0.442368450372603 0.600975107773657
0.252000000000001 0.631532327184047 0.598355020388312
0.253000000000001 0.863516460018348 0.745085308527004
0.254000000000001 0.757055134281014 0.652807580220174
0.255000000000001 0.730765165298231 0.757416373103199
0.256000000000001 0.369042942434773 0.580404675302925
0.257000000000001 0.519661516883759 0.552320421261265
0.258000000000001 0.612108172315345 0.513119157562556
0.259000000000001 0.631695593927981 0.566268271670916
0.260000000000001 0.564149890543564 0.623314104464563
0.261000000000001 0.470291870710182 0.627899975653359
0.262000000000001 0.713290701247292 0.741045160106626
0.263000000000001 0.71109061855094 0.653232625851297
0.264000000000001 0.786672023397201 0.606255394799146
0.265000000000001 0.816845841653539 0.573581391147332
0.266000000000001 0.992032267409822 0.67192361836518
0.267000000000001 0.461425435175092 0.653918828560479
0.268000000000001 0.398454363958887 0.696939652197088
0.269000000000001 0.35828792231597 0.716767426622294
0.270000000000001 0.731297924943567 0.692451140130322
0.271000000000001 0.528526006460065 0.750440997819016
0.272000000000001 0.6433383071211 0.735599803756313
0.273000000000001 0.827542238892197 0.69776313719871
0.274000000000001 0.697662531215932 0.708301466330437
0.275000000000001 0.726019506237684 0.659415415424009
0.276000000000001 1.07453567302704 0.732820631627558
0.277000000000001 0.810969036701771 0.710481099067176
0.278000000000001 0.9356756240998 0.717026963510213
0.279000000000001 0.440337570044024 0.738619095752773
0.280000000000001 0.802784091169003 0.75532049116018
0.281000000000001 0.643373508729992 0.546875538942212
0.282000000000001 0.775068901292509 0.688179655700216
0.283000000000001 0.738006264861432 0.697000356248466
0.284000000000001 0.712743787526707 0.669454678616227
0.285000000000001 0.710690795839495 0.846531743128251
0.286000000000001 0.633521106954391 0.835638501609302
0.287000000000001 0.925120418684738 0.64005784277535
0.288000000000001 0.798299105352219 0.647239281224324
0.289000000000001 0.854496092166097 0.663988555509997
0.290000000000001 0.740494317206233 0.829909270492065
0.291000000000001 0.831024937288211 0.741830743569498
0.292000000000001 0.746092737430457 0.769987756512896
0.293000000000001 0.648111182080215 0.778184537166101
0.294000000000001 0.61338157983904 0.677479908835724
0.295000000000001 0.768797776044285 0.77401096545236
0.296000000000001 0.826042229334022 0.716639423233005
0.297000000000001 0.866448014131621 0.795601161039241
0.298000000000001 0.798685004170241 0.823559635676702
0.299000000000001 0.950778969047761 0.790710668770577
0.300000000000001 0.922140062022441 0.751812602165577
0.301000000000001 1.03432558877088 0.865321819117705
0.302000000000001 1.06173118283446 0.877013238089952
0.303000000000001 0.852214284284313 0.962150838550389
0.304000000000001 0.633888711291916 0.800943953921317
0.305000000000001 0.769257164655547 0.780171916998402
0.306000000000001 0.823740783165632 0.821458846505084
0.307000000000001 0.907098501059307 0.777111688247705
0.308000000000001 0.930576411899085 0.856621319455962
0.309000000000001 1.05685843374903 0.825980931598367
0.310000000000001 0.776240737886869 0.875013812821909
0.311000000000001 0.632380677848941 0.773913447150285
0.312000000000001 0.953888563142428 0.893664641885189
0.313000000000001 0.736796296321269 0.794391751683119
0.314000000000001 0.750781501295653 0.841535275609465
0.315000000000001 0.919038103065119 0.905077725479978
0.316000000000001 0.780533526388672 0.787597504511431
0.317000000000001 0.514249459766057 0.847789236018975
0.318000000000001 0.677162399460104 0.95770633318955
0.319000000000001 0.96397043180845 0.761725617843529
0.320000000000001 0.672402826539816 0.864556542812499
0.321000000000001 0.74421458935635 0.882829002050181
0.322000000000001 0.964846689748951 0.834906125755934
0.323000000000001 0.476967926507366 0.992182717025505
0.324000000000001 0.708849862284323 0.74971949539413
0.325000000000001 0.61372562875324 0.918692143805553
0.326000000000001 0.932443297384108 0.809521084884669
0.327000000000001 1.00001053729032 0.904661132663037
0.328000000000001 0.898571363373831 0.90541481904275
0.329000000000001 1.07300241427483 0.86822705945829
0.330000000000001 0.864993485469092 0.987005370658551
0.331000000000001 0.825911828943281 0.847022758180218
0.332000000000001 0.6567320554223 0.8753970706961
0.333000000000001 1.02432390972033 0.960748616559681
0.334000000000001 1.04938814300671 0.901411396398236
0.335000000000001 0.877011203081611 1.0067510785407
0.336000000000001 0.934424007746336 0.905336313149057
0.337000000000001 1.0119395191863 0.89617596110348
0.338000000000001 1.0336379996752 0.913698526152382
0.339000000000001 0.857058713282192 0.971874763425571
0.340000000000001 1.04036126508423 0.979192518280197
0.341000000000001 0.848477838490511 0.980531242874632
0.342000000000001 0.95878604583097 0.934242771243752
0.343000000000001 1.06380553847411 1.02147770879735
0.344000000000001 0.974558750273685 0.884883675691735
0.345000000000001 1.126927749488 0.994424342959965
0.346000000000001 1.18710431360468 1.06862587925371
0.347000000000001 1.19552172836888 1.04271621579056
0.348000000000001 1.00501674196636 0.963464225184027
0.349000000000001 0.722029473780671 0.992297460955826
0.350000000000001 0.97064577496685 1.03427747787018
0.351000000000001 1.08249710198707 1.12877866867031
0.352000000000001 1.23727932067323 1.08215116265655
0.353000000000001 1.21627927211625 1.09790391294833
0.354000000000001 1.11860279342103 1.04342002736286
0.355000000000001 1.18977488240488 1.11148315979024
0.356000000000001 1.08980112763968 1.01231629541058
0.357000000000001 1.25137100135323 0.99700086990735
0.358000000000001 1.06725814693886 1.06207746910096
0.359000000000001 1.10956107221513 1.13757401076241
0.360000000000001 1.12440922042049 1.11245585330983
0.361000000000001 1.15986610797036 1.12341610944493
0.362000000000001 0.990108724026377 1.15301774402587
0.363000000000001 1.16043389589833 1.05208508833955
0.364000000000001 0.935020958532644 1.06002526879254
0.365000000000001 0.96038270589868 1.11252796460641
0.366000000000001 1.45794275747706 1.146872141678
0.367000000000001 0.920664054443984 1.07147138568812
0.368000000000001 1.13315767706465 1.06322985129838
0.369000000000001 1.16912945843316 1.14244154079312
0.370000000000001 1.50008713017413 1.12302197664809
0.371000000000001 1.22507924151938 1.0936481905369
0.372000000000001 0.924816438488479 1.17116552303278
0.373000000000001 1.07844843023982 1.14253982926951
0.374000000000001 1.25721230886996 1.14473092075421
0.375000000000001 1.31170328409413 1.10064452447735
0.376000000000001 1.25435148668409 1.14562049775375
0.377000000000001 1.08121981793158 1.22205396963097
0.378000000000001 1.07282581948807 1.12181931562592
0.379000000000001 1.24733735663481 1.24063839088463
0.380000000000001 1.1037911385852 1.16265701174498
0.381000000000001 1.06067838484062 1.16340722238711
0.382000000000001 1.20892949315024 1.20670572344312
0.383000000000001 0.95388177950676 1.27478120990699
0.384000000000001 1.21784367781445 1.23054338815127
0.385000000000001 1.30850611560951 1.21674605664775
0.386000000000001 1.09477987966221 1.10864891818548
0.387000000000001 1.29469011606302 1.21444304485767
0.388000000000001 1.21522590037842 1.22516391216189
0.389000000000001 0.996562532460697 1.0978377291595
0.390000000000001 1.24627127890298 1.155510473231
0.391000000000001 1.46728299957538 1.1704258521318
0.392000000000001 1.35624002371142 1.14706259586615
0.393000000000001 1.39859646805832 1.19975445743684
0.394000000000001 1.46581060455899 1.24905741150288
0.395000000000001 1.41084293054087 1.3071732182302
0.396000000000001 1.36609341884398 1.27289135296746
0.397000000000001 1.02274673538747 1.22486735318371
0.398000000000001 1.41297457560889 1.1624223436316
0.399000000000001 1.10808094530376 1.21783086191393
0.400000000000001 1.14619865762045 1.13120818429969
0.401000000000001 1.19735386217186 1.30120638633419
0.402000000000001 1.26545347091793 1.31545317443599
0.403000000000001 1.15801177928315 1.20257511268242
0.404000000000001 1.0290635708541 1.27089370269579
0.405000000000001 1.27088258202063 1.21789059905339
0.406000000000001 0.992813393100726 1.29963786972349
0.407000000000001 1.34471363487581 1.32251738653295
0.408000000000001 1.28942916859436 1.29746994759137
0.409000000000001 1.48397717364628 1.41969462672288
0.410000000000001 1.39448451208611 1.39709261674163
0.411000000000001 1.20337978114331 1.28467747667739
0.412000000000001 1.37592778162336 1.29115289757588
0.413000000000001 1.46502979681265 1.33563118321459
0.414000000000001 1.15830358542407 1.35827931924751
0.415000000000001 1.37747940960519 1.37101830795026
0.416000000000001 1.40269429213902 1.45799949144115
0.417000000000001 1.35918098238989 1.34315620917746
0.418000000000001 1.45638873326938 1.40125244291903
0.419000000000001 1.65756032751306 1.46082837298383
0.420000000000001 1.2864254575413 1.30018353170379
0.421000000000001 1.60759823957883 1.4166519317458
0.422000000000001 1.56361334875129 1.48338697174664
0.423000000000001 1.12012474653237 1.36790153371444
0.424000000000001 1.18689143910352 1.42576092487876
0.425000000000001 1.53837854061979 1.44046189565097
0.426000000000001 1.44714062996923 1.49127863864248
0.427000000000001 1.36227250489037 1.4535320899143
0.428000000000001 1.36483244378314 1.43356757555402
0.429000000000001 1.5818148264593 1.33142304294335
0.430000000000001 1.92910473345544 1.46474755609894
0.431000000000001 1.73302719981122 1.53016539397653
0.432000000000001 1.59028782102487 1.50160315566915
0.433000000000001 1.55633151937941 1.40937584169363
0.434000000000001 1.66777388585836 1.56564717010976
0.435000000000001 1.48546530409686 1.47905799117847
0.436000000000001 1.36113270654613 1.5777636568843
0.437000000000001 1.70830072329957 1.5882420963213
0.438000000000001 1.58867360358636 1.59654742417437
0.439000000000001 1.58725871577528 1.52716751616013
0.440000000000001 1.66106664722281 1.64085125647476
0.441000000000001 1.7685356915433 1.58492986591773
0.442000000000001 1.78673741597618 1.58482847846787
0.443000000000001 1.79329644538539 1.6803990461685
0.444000000000001 1.68942448622125 1.60804342513321
0.445000000000001 1.71580421891497 1.55129781244753
0.446000000000001 1.93988663850512 1.56438995522754
0.447000000000001 1.83986955111739 1.65423897319043
0.448000000000001 1.73343895411061 1.59748890244116
0.449000000000001 1.19346557891258 1.56048059135643
0.450000000000001 1.67594236013057 1.60337847411167
0.451000000000001 1.59951184355544 1.64649438628104
0.452000000000001 1.73580579823328 1.65952375209013
0.453000000000001 1.57142910438393 1.689203689393
0.454000000000001 1.60862232929448 1.65841169985598
0.455000000000001 1.70561306715428 1.77464465719387
0.456000000000001 1.52335678994858 1.64667717614292
0.457000000000001 1.46363694242335 1.60090546185957
0.458000000000001 2.03006971820954 1.73703646483588
0.459000000000001 1.49327627055419 1.70174508861822
0.460000000000001 1.72656961170549 1.71670597406581
0.461000000000001 1.71653978868189 1.66227387556825
0.462000000000001 1.75993536164263 1.62963525294235
0.463000000000001 1.67377593259961 1.72550225133022
0.464000000000001 1.7529532925602 1.78743386646827
0.465000000000001 1.80733389405882 1.68558911911782
0.466000000000001 1.64559577596125 1.74908050279395
0.467000000000001 1.83463314163664 1.69257860905596
0.468000000000001 1.84517536295608 1.71676229971714
0.469000000000001 1.51585875451512 1.71508514253555
0.470000000000001 1.83886840247827 1.75055080623585
0.471000000000001 1.94820783157914 1.83881590418928
0.472000000000001 1.85812943463276 1.8888062556545
0.473000000000001 2.10770744672651 1.92600458828155
0.474000000000001 2.01569217472843 1.97484180115288
0.475000000000001 1.8567239748628 1.85513573957638
0.476000000000001 1.78174541499603 1.8096758831859
0.477000000000001 2.03325161042568 1.95712542400478
0.478000000000001 1.82688653637001 1.96891087831776
0.479000000000001 2.03024878874431 1.96767288565521
0.480000000000001 1.97531050226359 2.12450837905683
0.481000000000001 2.0035477095967 1.93419145243729
0.482000000000001 2.0270699645673 1.9010660715041
0.483000000000001 2.0279771910666 1.89653702094616
0.484000000000001 2.07754977170272 1.97772641493734
0.485000000000001 2.00658893367356 1.93663355280055
0.486000000000001 2.09320657080313 1.95593331707282
0.487000000000001 1.86603587687929 2.0709786968894
0.488000000000001 2.00891337975327 2.00756951194533
0.489000000000001 2.17783925923065 2.01915073356491
0.490000000000001 2.21396588613123 2.16825936839143
0.491000000000001 2.22722218023277 2.18698726938502
0.492000000000001 1.9665445283336 2.08803895161351
0.493000000000001 2.30576849339382 2.02279493683038
0.494000000000001 2.16643126259159 2.13919228197744
0.495000000000001 2.12174074711544 2.1539299663645
0.496000000000001 2.1828556686388 2.09374234422875
0.497000000000001 1.91535858100721 2.24396253425095
0.498000000000001 2.29352710403602 2.08822450128673
0.499000000000001 2.42956567001898 2.30980591472964
0.500000000000001 2.21488196345445 2.10530667844793
0.501000000000001 2.06494764937825 2.09024553188532
0.502000000000001 2.20823274504215 2.26847430947079
0.503000000000001 2.25626727953715 2.28209256211007
0.504000000000001 2.37920990147664 2.33609581279418
0.505000000000001 2.41935872405967 2.33310367726801
0.506000000000001 2.30937276670944 2.31941679683845
0.507000000000001 2.35850959126099 2.25532176088371
0.508000000000001 2.59186233883999 2.36846620215121
0.509000000000001 2.37936381831177 2.42079417717028
0.510000000000001 2.33243592770921 2.41283773636644
0.511000000000001 2.37002668578762 2.35129877190467
0.512000000000001 2.42051736669198 2.39104130140043
0.513000000000001 2.51340814968889 2.46470606103673
0.514000000000001 2.2988691533193 2.43106416035741
0.515000000000001 2.4551872295029 2.38255005381207
0.516000000000001 2.33671258311206 2.40295134647973
0.517000000000001 2.29348173099542 2.38948751505169
0.518000000000001 2.55469965597408 2.47412018190296
0.519000000000001 2.63889657711183 2.60042370001763
0.520000000000001 2.65124528949323 2.57719041571347
0.521000000000001 2.60783929444747 2.40766924408132
0.522000000000001 2.55357035980009 2.54165078851881
0.523000000000001 2.79233956476792 2.58722764184292
0.524000000000001 2.52289279801522 2.50147046616108
0.525000000000001 2.52154696916171 2.49988778080811
0.526000000000001 2.63778301078521 2.55752652012439
0.527000000000001 2.88894851168582 2.65463321178609
0.528000000000001 2.50886397403613 2.68252604813016
0.529000000000001 2.71961550142378 2.62113850796823
0.530000000000001 2.7504413127381 2.65541322117121
0.531000000000001 2.67015851535875 2.5434012892528
0.532000000000001 2.70257946189199 2.59454810910809
0.533000000000001 2.65687383859677 2.6749049812968
0.534000000000001 2.56421691036933 2.58417993368131
0.535000000000001 2.6693903040396 2.68757305245169
0.536000000000001 2.83324487019443 2.70347359979514
0.537000000000001 2.6258392916103 2.66402684392146
0.538000000000001 2.72083037235093 2.73189952298262
0.539000000000001 2.92565775076057 2.77181982764868
0.540000000000001 2.84795839535605 2.85372982764157
0.541000000000001 2.68467078500869 2.78427993725522
0.542000000000001 2.90899788888819 2.86130262242867
0.543000000000001 2.90781119392069 2.86160720269209
0.544000000000001 2.80471953338506 2.8014253332166
0.545000000000001 2.65113220233571 2.80740881005536
0.546000000000001 2.71158647020657 2.84443160917731
0.547000000000001 2.97809776202625 2.86786350146392
0.548000000000001 2.66741939692614 2.75988155851606
0.549000000000001 2.78494598294773 2.80874435959873
0.550000000000001 2.79028294381678 2.86395561418313
0.551000000000001 2.87628237342275 2.96258477011182
0.552000000000001 2.83431732033271 2.84884703888644
0.553000000000001 3.23362139633893 3.01750418430362
0.554000000000001 2.60276988479006 2.96119895698508
0.555000000000001 3.06815324898489 2.93296242052593
0.556000000000001 3.10706148360685 3.07804946158216
0.557000000000001 2.92184985729754 3.06087199224304
0.558000000000001 2.80502042791924 2.98501462749397
0.559000000000001 3.07547660528848 3.12182993718942
0.560000000000001 2.80601498171429 2.97290061430403
0.561000000000001 3.13394951140772 3.1111301559534
0.562000000000001 3.04710845901191 2.98819346598041
0.563000000000001 3.29182509555879 3.01263766009464
0.564000000000001 3.06931757989985 3.12823528653958
0.565000000000001 3.04890788204749 3.09075726391406
0.566000000000001 3.12407172382968 3.12511694043442
0.567000000000001 3.23823811232176 3.0943597185797
0.568000000000001 3.26368232059734 3.16282797391827
0.569000000000001 3.02572775674313 3.1435483083795
0.570000000000001 3.07811211243774 3.02671007323618
0.571000000000001 3.12774290183299 3.15011438627986
0.572000000000001 2.94968865023935 3.10152874490298
0.573000000000001 3.0929570994295 3.09601358342037
0.574000000000001 3.0544450279589 3.22330035833222
0.575000000000001 3.11385498244836 3.28752578705009
0.576000000000001 3.43644892194439 3.24665095404376
0.577000000000001 3.42443076315771 3.27617938163023
0.578000000000001 3.48956024781213 3.33093634870649
0.579000000000001 3.6268556221787 3.40194901417032
0.580000000000001 3.55783095607524 3.37379961689191
0.581000000000001 3.51847877447768 3.43390827055956
0.582000000000001 3.3014860464261 3.29338544602251
0.583000000000001 3.06571604956326 3.30805338184607
0.584000000000001 3.10078725747796 3.36045464522279
0.585000000000001 3.40685664041324 3.31669101076927
0.586000000000001 3.49010811305202 3.41301313616785
0.587000000000001 3.17570566462414 3.38388453325842
0.588000000000001 3.44527240769059 3.37502409219571
0.589000000000001 3.58193939994606 3.45303813727524
0.590000000000001 3.42959331603661 3.49386384209166
0.591000000000001 3.53643027789728 3.4676329804548
0.592000000000001 3.4048674480867 3.45007687168625
0.593000000000001 3.59744358599987 3.48392730777877
0.594000000000001 3.58238576870585 3.55707310475586
0.595000000000001 3.71089696845287 3.62188404319215
0.596000000000001 3.72726262436335 3.61417589939149
0.597000000000001 3.60048516954829 3.63491154370661
0.598000000000001 3.61547916493431 3.67685750006993
0.599000000000001 3.89407198229578 3.72289154764686
0.600000000000001 3.87846035074598 3.71475629511227
0.601000000000001 3.88892444530663 3.63376455576369
0.602000000000001 3.57636187524554 3.70685187956777
0.603000000000001 4.03709439090969 3.70148059312288
0.604000000000001 3.80852185486861 3.78390622058657
0.605000000000001 4.25825976361097 3.83204162098406
0.606000000000001 4.00919454072824 3.9101972147883
0.607000000000001 4.00150696713428 3.83975641930368
0.608000000000001 3.85557296247066 3.93564496879308
0.609000000000001 3.89746076611481 3.87432366574899
0.610000000000001 3.73480194627966 3.84036456644102
0.611000000000001 3.72729569314192 3.91160182205732
0.612000000000001 3.79547954171116 3.96527388882335
0.613000000000001 4.00309023146772 4.04743292819395
0.614000000000001 3.74552881282988 3.95513233120753
0.615000000000001 3.91438336649832 3.94861590636227
0.616000000000001 3.82969493756293 3.97386831188279
0.617000000000001 4.05220706041647 3.95285338040476
0.618000000000001 4.16174433345408 4.06664167786383
0.619000000000001 4.06028707115247 4.00713214201618
0.620000000000001 3.66174912665671 4.09440947574328
0.621000000000001 4.23951729911547 4.14667672962783
0.622000000000001 3.96889776167012 4.19410330731836
0.623000000000001 3.99708917684866 4.14767014137287
0.624000000000001 4.37837292738853 4.23170972938619
0.625000000000001 4.36615077084883 4.23716122906605
0.626000000000001 4.19445637466275 4.27144603989528
0.627000000000001 4.20322788448445 4.19226203342142
0.628000000000001 4.19544344035933 4.30256563919137
0.629000000000001 4.36710227962473 4.28168857432656
0.630000000000001 4.44449526933571 4.32695447421659
0.631000000000001 4.53347751909959 4.36209491574172
0.632000000000001 4.41023727084884 4.58221222323965
0.633000000000001 4.17715328908667 4.3600197492804
0.634000000000001 4.29846842552632 4.37142997401259
0.635000000000001 4.75932163320357 4.49686871069963
0.636000000000001 4.07398113863741 4.50311249479893
0.637000000000001 4.52138183953871 4.37567959552127
0.638000000000001 4.27386955257374 4.50315067560228
0.639000000000001 4.49138403404063 4.4295613016152
0.640000000000001 4.66755665489863 4.54547443725355
0.641000000000001 4.41214835710564 4.61558539965463
0.642000000000001 4.63382266672868 4.61047975291292
0.643000000000001 4.6194680120931 4.58245129270545
0.644000000000001 4.94020384709061 4.63941531158577
0.645000000000001 4.66892312575624 4.58733060071703
0.646000000000001 4.72993481015332 4.59635612109218
0.647000000000001 4.71095120352619 4.68247912779171
0.648000000000001 4.71293746200119 4.5782715466004
0.649000000000001 4.70383588702104 4.62675176897968
0.650000000000001 4.8010698636955 4.67761919716596
0.651000000000001 4.81359432737 4.60925520476737
0.652000000000001 4.6525506506882 4.66734946544069
0.653000000000001 4.85925718461359 4.76051425404693
0.654000000000001 4.79762556716357 4.85823133730514
0.655000000000001 4.90780776487611 4.85140717521515
0.656000000000001 5.2020078123971 4.79637163160789
0.657000000000001 4.90137319227997 4.92865103033412
0.658000000000001 4.84533649904269 4.97875685361227
0.659000000000001 4.95358459681205 5.02375435894081
0.660000000000001 4.94732393687607 5.01456788924119
0.661000000000001 5.0122608820794 4.92900772383732
0.662000000000001 5.09586911345385 5.01737335223396
0.663000000000001 5.05191515838736 5.03545904995429
0.664000000000001 5.08129032042411 5.11715159784868
0.665000000000001 4.96983283340136 4.94617414102066
0.666000000000001 4.79863584013058 5.05734420833879
0.667000000000001 5.30177977921063 5.13231278915912
0.668000000000001 5.03069967361689 5.14930717836804
0.669000000000001 4.95135287767077 5.16090281143948
0.670000000000001 5.20454776936187 5.18273895971761
0.671000000000001 5.09060215058753 5.23004636312272
0.672000000000001 5.13451655747579 5.18084286332465
0.673000000000001 5.29730830063426 5.27450774783862
0.674000000000001 5.46108199862763 5.35771901413947
0.675000000000001 5.52519492816629 5.39549087314851
0.676000000000001 5.5384296345743 5.36810834156426
0.677000000000001 5.62951305107751 5.41686882165789
0.678000000000001 5.46031241741711 5.47438623797389
0.679000000000001 5.41042429263395 5.43747799602358
0.680000000000001 5.32978706689337 5.44945193343699
0.681000000000001 5.26527416887175 5.52537718792213
0.682000000000001 5.57410138253805 5.51640648909063
0.683000000000001 5.59616520972176 5.51775876664603
0.684000000000001 5.71243576656329 5.64289658398064
0.685000000000001 5.54964221717175 5.57103629443094
0.686000000000001 5.71509886714588 5.57721832492086
0.687000000000001 5.62985146181725 5.53762338713663
0.688000000000001 5.37874070739251 5.56266708022613
0.689000000000001 5.61090553490892 5.47243471775613
0.690000000000001 5.71974144720404 5.55571189927801
0.691000000000001 5.45024507014784 5.71145576587886
0.692000000000001 5.81132261540985 5.66588003816208
0.693000000000001 6.04310443797153 5.73313270493069
0.694000000000001 5.92318160482944 5.88461549711367
0.695000000000001 5.81123481414187 5.75402431661612
0.696000000000001 5.90491528665893 5.92297481632712
0.697000000000001 5.65715540899214 5.83507823602039
0.698000000000001 5.83228753135785 5.87428417660606
0.699000000000001 5.79588596009139 6.03807954556248
0.700000000000001 6.04343918961922 5.85550126087189
0.701000000000001 5.98660697339294 5.88552162540944
0.702000000000001 6.1303472946051 5.93154933796326
0.703000000000001 6.09916289872984 6.0465424684157
0.704000000000001 6.12546975218146 6.00206079341051
0.705000000000001 6.40569475815685 5.95527587027573
0.706000000000001 6.18872818224386 6.16616321831559
0.707000000000001 6.06148755528837 6.14069196040477
0.708000000000001 6.29814420799111 6.18013198311868
0.709000000000001 6.1747931815079 6.14201958707645
0.710000000000001 6.26495858711976 6.13288457170008
0.711000000000001 6.20888446783506 6.18449455508659
0.712000000000001 5.95228526058849 6.2382951559541
0.713000000000001 6.33245858522556 6.28936640617499
0.714000000000001 6.22615955056559 6.35040719763689
0.715000000000001 6.19461644883653 6.24666668248336
0.716000000000001 6.15709508455622 6.22891847186405
0.717000000000001 6.31205396455852 6.34815872523
0.718000000000001 6.3586821770196 6.29112472845787
0.719000000000001 6.31851885251729 6.40569288524638
0.720000000000001 6.15731700332138 6.29681655321632
0.721000000000001 6.22570728396778 6.41572653181594
0.722000000000001 6.23330722707493 6.49313937288486
0.723000000000001 6.5641051554812 6.40492107495035
0.724000000000001 6.43573063635307 6.63431582373907
0.725000000000001 6.48320835171605 6.55385076382337
0.726000000000001 6.70624649701935 6.6976217989103
0.727000000000001 6.87072986407814 6.73397060715513
0.728000000000001 6.57339884013765 6.62484543049355
0.729000000000001 6.76852224911251 6.62073903544826
0.730000000000001 6.73540300115031 6.73926640047836
0.731000000000001 6.68192110082255 6.71061634083469
0.732000000000001 7.10345485675062 6.70350663187744
0.733000000000001 6.72802779356012 6.79578052741146
0.734000000000001 6.84669630437409 6.84555642174269
0.735000000000001 7.10071661107926 6.91531287402144
0.736000000000001 6.73040775774891 6.80465621607098
0.737000000000001 6.60060449085186 6.81649417434607
0.738000000000001 6.91649980334094 6.90580891750175
0.739000000000001 6.78071248427351 6.90465196848092
0.740000000000001 7.04090100496811 6.90775310277698
0.741000000000001 7.09700243023996 7.0448889951253
0.742000000000001 7.05557444729643 7.07233516148354
0.743000000000001 7.15632565333653 7.05317017193733
0.744000000000001 7.43037150377665 7.10358293374622
0.745000000000001 7.24155494550365 7.09867471813274
0.746000000000001 7.25815235036783 7.1406547077313
0.747000000000001 7.49668001383706 7.18228105302158
0.748000000000001 6.96435743402651 7.12489936675307
0.749000000000001 6.96500651631208 7.14363795498101
0.750000000000001 7.35553851591521 7.17049775055096
0.751000000000001 7.23659451206709 7.21837918469432
0.752000000000001 7.08833204891882 7.29011572185639
0.753000000000001 7.2354081522108 7.21306638051435
0.754000000000001 7.49717705757407 7.33673202741183
0.755000000000001 7.28708624662293 7.38867834083839
0.756000000000001 7.23843588908529 7.38613904859312
0.757000000000001 7.3710030155208 7.34306155187066
0.758000000000001 7.10701399400055 7.33796957979882
0.759000000000001 7.16983338192862 7.37078756189072
0.760000000000001 7.5929739520067 7.48537418051044
0.761000000000001 7.50739644520177 7.42369524819972
0.762000000000001 7.47258833691014 7.59211113980019
0.763000000000001 7.36683591654703 7.61055541993387
0.764000000000001 7.57624860868367 7.5571956536248
0.765000000000001 7.65807617409743 7.68213132186884
0.766000000000001 7.78956047315788 7.67397392101015
0.767000000000001 7.5388116967394 7.73364538484007
0.768000000000001 7.77739118161674 7.69225814693314
0.769000000000001 7.54964315990724 7.69735316920179
0.770000000000001 7.97724649239194 7.62767521951013
0.771000000000001 7.75458127963053 7.86886091361918
0.772000000000001 7.88321735801152 7.78350923532137
0.773000000000001 8.01223703337902 7.83861596030733
0.774000000000001 8.05119922219537 7.92403486158013
0.775000000000001 8.05750648168777 7.86718900461858
0.776000000000001 7.82393077832924 7.92061735442532
0.777000000000001 7.64113919021391 7.83664733513755
0.778000000000001 7.98204235457354 7.89206461809285
0.779000000000001 7.86855430741057 7.90654481648551
0.780000000000001 7.82143678921855 7.9018345282202
0.781000000000001 8.0050567617426 7.87804880451385
0.782000000000001 7.84006853535046 7.96543169545903
0.783000000000001 8.0527824665665 7.92089036750596
0.784000000000001 7.909584396278 7.98455717771089
0.785000000000001 8.13426228965425 8.03726904833893
0.786000000000001 7.91314021369039 8.06949366753779
0.787000000000001 8.0627125894982 8.11008953546961
0.788000000000001 8.16157897036526 8.14107891721464
0.789000000000001 7.96656634902841 8.05874250117337
0.790000000000001 8.09113087911844 8.15077542292334
0.791000000000001 8.35181272449609 8.2408795190389
0.792000000000001 8.07691074739952 8.33221529593119
0.793000000000001 8.29267700108834 8.19422137325486
0.794000000000001 8.33208483523273 8.33194041104168
0.795000000000001 8.36726534158508 8.35675636897873
0.796000000000001 8.32643614848134 8.3499486539632
0.797000000000001 8.55611714445518 8.39840619122708
0.798000000000001 8.70084773367913 8.52617427858099
0.799000000000001 8.57304324367546 8.44676838223599
0.800000000000001 8.7041837618266 8.42754739543869
0.801000000000001 8.74471374562723 8.60099063939124
0.802000000000001 8.56111055397307 8.61945944616758
0.803000000000001 8.58354654601271 8.60765366493834
0.804000000000001 8.34384580907611 8.53590998787679
0.805000000000001 8.61157929144091 8.57273130985129
0.806000000000001 8.6097480381105 8.58395583035822
0.807000000000001 8.84901331167772 8.59159931508727
0.808000000000001 8.88898362576933 8.71547890807783
0.809000000000001 8.93257383272171 8.74623264394231
0.810000000000001 8.63871863382983 8.79074268030474
0.811000000000001 8.55405644896066 8.69123365810964
0.812000000000001 8.80465811100763 8.72846260671481
0.813000000000001 8.81953376168073 8.84141459725366
0.814000000000001 8.80715325070469 8.82321139844364
0.815000000000001 9.0576079934844 8.94796769563184
0.816000000000001 8.93775933187911 9.01991300501388
0.817000000000001 8.99144592562136 9.08058007809619
0.818000000000001 9.01194133839812 9.05332132033023
0.819000000000001 8.96528211434207 8.98569392453255
0.820000000000001 8.99245203800518 9.00949295468444
0.821000000000001 9.44164646503192 9.20714861155637
0.822000000000001 9.03464811288215 9.14976804106401
0.823000000000001 9.12996639694341 9.16528919919108
0.824000000000001 9.14746073020617 9.09950897250843
0.825000000000001 9.29433973411628 9.23131991355806
0.826000000000001 9.52859470927433 9.41156098649552
0.827000000000001 9.31136309521667 9.4341441034942
0.828000000000001 9.40712746393399 9.37538974103467
0.829000000000001 9.4601698594743 9.44401080376446
0.830000000000001 9.55924785719022 9.47553770307055
0.831000000000001 9.53599084316686 9.58898834719252
0.832000000000001 9.6564059375285 9.58900297397296
0.833000000000001 9.61920951019206 9.52648815905463
0.834000000000001 9.51077659176486 9.56053700432962
0.835000000000001 9.37794367309534 9.60777998284901
0.836000000000001 9.54799358524973 9.65437545806947
0.837000000000001 9.52967440786817 9.55880957144538
0.838000000000001 9.59438853949589 9.59167225580671
0.839000000000001 9.5151940433325 9.54586596982571
0.840000000000001 9.53438841771317 9.65336922034968
0.841000000000001 9.680253807918 9.63370577905564
0.842000000000001 9.65943962119312 9.76134050591905
0.843000000000001 9.6994912584602 9.79738680294203
0.844000000000001 9.94067248701385 9.7995765225541
0.845000000000001 9.83921451830281 9.86426083819679
0.846000000000001 9.89381798730462 9.84793728209874
0.847000000000001 9.69082323710158 9.878267469014
0.848000000000001 10.0184312981399 9.9092627913269
0.849000000000001 10.0896536399626 10.0086737484739
0.850000000000001 9.83307093205642 9.97601077151829
0.851000000000001 10.1844201309924 9.9500733234369
0.852000000000001 9.99878256160764 10.0650537032761
0.853000000000001 10.221009712938 10.0744387061299
0.854000000000001 10.1040392367112 10.232288401238
0.855000000000001 10.2222250078506 10.1387309462859
0.856000000000001 10.3165916652999 10.172374329806
0.857000000000001 10.3836318692188 10.3276147556504
0.858000000000001 9.8914042179197 10.2560790856515
0.859000000000001 10.3469831391402 10.209499107418
0.860000000000001 10.394496175047 10.3791802541487
0.861000000000001 10.2486716871651 10.3476699196046
0.862000000000001 10.4034721902477 10.4087910822552
0.863000000000001 10.416083474039 10.4402339440661
0.864000000000001 10.3434154461148 10.5190959743453
0.865000000000001 10.3842563067808 10.5073799704924
0.866000000000001 10.4088249812502 10.443395384927
0.867000000000001 10.5689801880027 10.4626695710066
0.868000000000001 10.6624679290214 10.5109441544349
0.869000000000001 10.5164677193199 10.5116435993592
0.870000000000001 10.3426660614941 10.4891777991314
0.871000000000001 10.7834018433276 10.6424304577016
0.872000000000001 10.8485436148109 10.6966417057418
0.873000000000001 10.8839030366064 10.8175895858804
0.874000000000001 11.251642959154 10.6888540715474
0.875000000000001 11.0921027520441 10.8484727633095
0.876000000000001 11.0359494722969 10.9784066912958
0.877000000000001 10.558536131834 10.8480582791077
0.878000000000001 10.8899354225794 10.8343427586076
0.879000000000001 11.0194286802985 10.869958725833
0.880000000000001 11.0977087056489 11.0139524093978
0.881000000000001 11.0380138301699 11.0559384376599
0.882000000000001 11.2521970709535 11.0521574595342
0.883000000000001 11.324807090804 11.0468207187445
0.884000000000001 11.266739656084 11.1341331706988
0.885000000000001 11.2067191554491 11.1624509745984
0.886000000000001 11.2051984834564 11.2178498950451
0.887000000000001 11.2270377427899 11.1543222217042
0.888000000000001 11.2137858115408 11.174863490814
0.889000000000001 11.4308776735921 11.2844356059066
0.890000000000001 11.4402419726031 11.3400777460663
0.891000000000001 11.4631926631516 11.364277066227
0.892000000000001 11.5299876504257 11.5406817290581
0.893000000000001 11.7351094125388 11.5642861501203
0.894000000000001 11.7020715156845 11.5650743611007
0.895000000000001 11.5522578746742 11.4063226183446
0.896000000000001 11.5952438461636 11.3967264620817
0.897000000000001 11.384524203779 11.5876038669221
0.898000000000001 11.5202750405349 11.4811132334588
0.899000000000001 11.3841820172231 11.5546736432245
0.900000000000001 11.7758924446395 11.6171502215448
0.901000000000001 11.9522857631432 11.6671093280276
0.902000000000001 11.8207727536843 11.6834902926668
0.903000000000001 11.5841173877258 11.6734091522163
0.904000000000001 11.9428246597048 11.7820439234039
0.905000000000001 11.7667924544935 11.8190320255958
0.906000000000001 12.0318235719798 11.8833643220439
0.907000000000001 12.17375072083 11.8997165214921
0.908000000000001 11.9978341012368 11.963299625612
0.909000000000001 11.9562195745131 12.0106649698347
0.910000000000001 11.9965402587018 12.0285267864949
0.911000000000001 12.0550222882371 12.0899107876174
0.912000000000001 12.043031974304 12.1315433132574
0.913000000000001 12.4903114063114 12.1043792992782
0.914000000000001 12.2989005293474 12.1953368077326
0.915000000000001 12.2380970937508 12.1241156042951
0.916000000000001 12.1888791677317 12.3513573781935
0.917000000000001 12.3729990615819 12.2841531723199
0.918000000000001 12.2276514757932 12.4426845292861
0.919000000000001 12.3385133877018 12.4865521297288
0.920000000000001 12.5174144653445 12.4080688002913
0.921000000000001 12.5416257408444 12.5047788458682
0.922000000000001 12.4280603769834 12.5369516410842
0.923000000000001 12.5166699311729 12.6045239274461
0.924000000000001 12.5436608372916 12.6183581043413
0.925000000000001 12.5913150753115 12.5289644292442
0.926000000000001 12.4718189444689 12.5473887595648
0.927000000000001 12.6062323129698 12.6464602915458
0.928000000000001 12.5646382976089 12.5921844433703
0.929000000000001 12.8095561638223 12.6620662816814
0.930000000000001 12.6355053643351 12.8980746319484
0.931000000000001 12.8389724565363 12.9863480963755
0.932000000000001 12.9409152704915 12.9462754809881
0.933000000000001 12.9432106597192 12.935999892179
0.934000000000001 12.9062440959809 13.0072751591042
0.935000000000001 12.6871594247448 13.0069795620694
0.936000000000001 13.1096724686741 13.0282605537072
0.937000000000001 13.2142613576371 13.0877224051925
0.938000000000001 12.8546574828925 13.0670311578921
0.939000000000001 13.1561371205865 13.1306821373405
0.940000000000001 13.0253579932047 13.122910374227
0.941000000000001 13.1446219526891 13.1271972195822
0.942000000000001 13.3891859833702 13.2638061298403
0.943000000000001 13.7044441975979 13.3325824711249
0.944000000000001 13.4314279894395 13.3754520322009
0.945000000000001 13.3887701056034 13.3106638034167
0.946000000000001 13.3807871137885 13.3563666661827
0.947000000000001 12.9506571243781 13.2831731657283
0.948000000000001 13.1404229453449 13.2914250732968
0.949000000000001 13.4783580434931 13.4615041622091
0.950000000000001 13.5745377003186 13.6587124738381
0.951000000000001 13.6258267935622 13.6490825539688
0.952000000000001 13.4412706302944 13.6246717628718
0.953000000000001 13.8094288771128 13.609865784698
0.954000000000001 13.7196942377832 13.6496302684004
0.955000000000001 13.7053115953289 13.730655079895
0.956000000000001 13.8018514269791 13.692691015355
0.957000000000001 13.6817016344616 13.7526645978878
0.958000000000001 13.7053517460383 13.8406149023811
0.959000000000001 13.9170803122351 13.8008548562888
0.960000000000001 14.0468586880996 13.8868375284529
0.961000000000001 13.9688471018086 13.9804149467667
0.962000000000001 14.0973458692938 14.0016412746676
0.963000000000001 14.0683298786848 13.9766215162314
0.964000000000001 14.0714570760042 14.1208575847128
0.965000000000001 14.0351883496055 14.1795923338248
0.966000000000001 14.0308919995308 14.1017157985595
0.967000000000001 14.1829085326014 14.187513908244
0.968000000000001 14.2320592384738 14.2790555803743
0.969000000000001 14.1315211577143 14.2909638384729
0.970000000000001 14.3778117223319 14.2617936948193
0.971000000000001 14.3135870166111 14.3207225119262
0.972000000000001 14.3247067916528 14.355510751886
0.973000000000001 14.1654547371555 14.3479110383875
0.974000000000001 14.3236473214234 14.2717858938163
0.975000000000001 14.62579605551 14.3636878073415
0.976000000000001 14.565539125804 14.4867652428671
0.977000000000001 14.4945958519305 14.5376926945524
0.978000000000001 14.3738575372478 14.5612385507548
0.979000000000001 14.8416754271268 14.6295541407069
0.980000000000001 14.6605446511594 14.624762759731
0.981000000000001 14.4587804541861 14.5624944090449
0.982000000000001 14.5997664322865 14.6392969060149
0.983000000000001 14.9330516594833 14.8412813677916
0.984000000000001 14.9039179937221 14.9110319396086
0.985000000000001 15.0017628597796 14.7182973224739
0.986000000000001 15.0082067998379 14.8327065953337
0.987000000000001 15.2361171615563 14.8643534363933
0.988000000000001 15.0290365436175 14.8090542939865
0.989000000000001 15.1564596551086 14.8898424336152
0.990000000000001 15.2976694105783 14.9958246330865
0.991000000000001 15.0287044638438 14.966843553596
0.992000000000001 14.8730597911497 14.9987714543946
0.993000000000001 15.1484371070466 14.968715870834
0.994000000000001 15.1136483359769 15.1579413058243
0.995000000000001 15.1534640898657 15.1502161090601
0.996000000000001 15.5471474447803 15.1246747834585
0.997000000000001 15.2753832964269 15.2533324890804
0.998000000000001 15.4813009203165 15.2216769456872
0.999000000000001 15.4834697974683 15.245442396804
1 15.6481619692567 15.3302174538716
