1 9 2974 2975
2 16 2974 2985
3 10 2974 2986
4 12 2975 2976
5 13 2975 2977
6 13 2975 2978
7 12 2840 2841
8 13 2840 2842
9 13 2840 2843
10 12 2960 2961
11 13 2960 2962
12 13 2960 2963
13 4 1910 1911
14 9 2844 2847
15 13 2844 2848
16 13 2844 2849
19 10 2847 2853
20 4 2549 2550
22 4 2556 2557
24 3 2550 2551
25 1 2550 2552
26 5 2551 2553
27 7 2551 2554
28 3 2551 2557
29 3 1512 1513
30 1 1512 1514
31 4 2703 2704
32 4 1511 1512
33 5 2698 2700
34 7 2698 2701
35 3 2698 2704
36 3 2704 2705
37 1 2704 2706
38 3 1505 1506
39 1 1505 1507
40 4 1504 1505
41 4 2710 2711
42 4 1497 1498
43 3 1498 1499
44 1 1498 1500
46 3 2711 2712
47 1 2711 2713
48 5 2705 2707
49 7 2705 2708
50 3 2705 2711
51 8 2715 2716
52 4 1490 1491
53 8 2708 2709
54 4 681 682
55 4 2717 2718
56 5 2712 2714
57 7 2712 2715
58 3 2712 2718
59 8 679 680
60 4 942 943
61 4 688 689
62 3 682 683
63 1 682 684
64 5 676 678
65 7 676 679
66 3 676 682
67 3 943 944
68 1 943 945
69 5 1492 1494
70 7 1492 1495
71 3 1492 1498
72 3 1491 1492
73 1 1491 1493
74 5 683 685
75 7 683 686
76 3 683 689
77 3 689 690
78 1 689 691
79 5 690 692
80 7 690 693
81 3 690 696
82 3 929 930
83 1 929 931
84 5 923 925
85 7 923 926
86 3 923 929
87 3 922 923
88 1 922 924
89 5 930 932
90 7 930 933
91 3 930 936
92 3 915 916
93 1 915 917
94 4 928 929
95 3 936 937
96 1 936 938
97 4 935 936
98 5 916 918
99 7 916 919
100 3 916 922
101 8 926 927
102 4 914 915
104 4 921 922
105 9 2899 2900
107 10 2899 2911
108 12 2900 2901
109 13 2900 2902
110 13 2900 2903
111 8 1936 1937
114 5 1933 1935
115 7 1933 1936
116 3 1933 1939
117 12 2901 2904
118 13 2901 2905
119 13 2901 2906
120 9 2904 2907
121 13 2904 2908
122 13 2904 2909
123 5 144 146
124 7 144 147
125 3 144 150
126 12 2841 2844
127 13 2841 2845
128 13 2841 2846
129 9 2839 2840
130 16 2839 2850
131 10 2839 2851
132 12 2856 2859
133 13 2856 2860
134 13 2856 2861
135 12 2855 2856
136 13 2855 2857
137 13 2855 2858
138 9 2854 2855
140 10 2854 2866
142 9 2859 2862
143 13 2859 2863
144 13 2859 2864
145 4 450 451
146 16 2952 2957
147 10 2952 2958
148 3 451 452
149 1 451 453
150 4 443 444
151 3 444 445
152 1 444 446
153 5 438 440
154 7 438 441
155 3 438 444
157 3 437 438
158 1 437 439
159 5 445 447
160 7 445 448
161 3 445 451
162 4 436 437
165 12 2946 2949
166 13 2946 2950
167 13 2946 2951
168 9 3094 3095
170 10 3094 3106
171 4 956 957
172 3 957 958
173 1 957 959
174 5 951 953
175 7 951 954
176 3 951 957
177 5 958 960
178 7 958 961
179 3 958 964
180 8 961 962
181 3 964 965
182 1 964 966
183 4 963 964
184 3 950 951
185 1 950 952
186 8 954 955
187 5 965 967
188 7 965 968
189 3 965 971
190 5 944 946
191 7 944 947
192 3 944 950
193 4 970 971
194 4 674 675
195 8 2701 2702
196 8 968 969
197 3 2044 2045
198 1 2044 2046
199 5 2031 2033
200 7 2031 2034
201 3 2031 2037
202 3 2030 2031
203 1 2030 2032
204 3 2037 2038
205 1 2037 2039
206 3 675 676
207 1 675 677
208 4 2036 2037
209 5 2024 2026
210 7 2024 2027
211 3 2024 2030
212 4 667 668
213 4 2029 2030
214 5 2038 2040
215 7 2038 2041
216 3 2038 2044
218 3 668 669
219 1 668 670
220 3 2023 2024
221 1 2023 2025
222 5 669 671
223 7 669 672
224 3 669 675
225 8 665 666
226 5 662 664
227 7 662 665
228 3 662 668
229 9 2919 2922
230 13 2919 2923
231 13 2919 2924
233 5 2017 2019
234 7 2017 2020
235 3 2017 2023
238 10 2907 2913
240 10 2922 2928
241 4 2008 2009
242 3 2016 2017
243 1 2016 2018
244 5 2010 2012
245 7 2010 2013
246 3 2010 2016
247 3 2009 2010
248 1 2009 2011
250 5 2607 2609
251 7 2607 2610
252 3 2607 2613
254 3 2606 2607
255 1 2606 2608
256 4 2605 2606
257 5 2600 2602
258 7 2600 2603
259 3 2600 2606
260 8 1255 1256
261 8 1248 1249
262 8 2603 2604
263 3 2613 2614
264 1 2613 2615
265 4 2612 2613
266 8 2792 2793
267 4 1707 1708
268 5 431 433
269 7 431 434
270 3 431 437
271 5 2614 2616
272 7 2614 2617
273 3 2614 2620
274 4 429 430
275 3 430 431
276 1 430 432
277 8 2617 2618
278 8 2624 2625
279 4 422 423
280 5 424 426
281 7 424 427
282 3 424 430
283 3 423 424
284 1 423 425
285 3 2620 2621
286 1 2620 2622
287 4 2619 2620
288 5 2621 2623
289 7 2621 2624
290 3 2621 2627
291 3 2627 2628
292 1 2627 2629
293 5 2628 2630
294 7 2628 2631
295 3 2628 2634
296 4 2626 2627
297 4 583 584
298 8 588 589
299 5 585 587
300 7 585 588
301 3 585 591
302 4 590 591
303 3 591 592
304 1 591 593
305 8 595 596
306 5 592 594
307 7 592 595
308 3 592 598
309 3 598 599
310 1 598 600
311 4 597 598
312 5 599 601
313 7 599 602
314 3 599 605
315 3 605 606
316 1 605 607
317 8 427 428
318 4 604 605
320 8 2638 2639
321 4 2050 2051
322 5 2045 2047
323 7 2045 2048
324 3 2045 2051
325 3 2051 2052
326 1 2051 2053
328 9 2814 2817
329 13 2814 2818
330 13 2814 2819
331 12 2810 2811
332 13 2810 2812
333 13 2810 2813
334 4 1397 1398
336 6 1399 1403
337 5 1399 1401
338 7 1399 1402
339 3 1398 1399
340 1 1398 1400
341 12 2811 2814
342 13 2811 2815
343 13 2811 2816
346 6 2803 2807
347 5 2803 2805
348 7 2803 2806
349 3 2802 2803
350 1 2802 2804
351 4 2801 2802
352 5 2796 2798
353 7 2796 2799
354 3 2796 2802
355 4 2794 2795
356 5 2789 2791
357 7 2789 2792
358 3 2789 2795
359 8 2799 2800
360 3 2795 2796
361 1 2795 2797
362 3 2788 2789
363 1 2788 2790
364 5 2782 2784
365 7 2782 2785
366 3 2782 2788
367 3 2599 2600
368 1 2599 2601
369 4 1264 1265
370 3 1272 1273
371 1 1272 1274
372 5 1273 1275
373 7 1273 1276
374 3 1273 1279
375 3 1279 1280
376 1 1279 1281
377 4 1278 1279
378 4 1271 1272
379 8 2596 2597
380 5 2593 2595
381 7 2593 2596
382 3 2593 2599
383 4 1868 1869
384 3 1265 1266
385 1 1265 1267
386 8 1269 1270
387 5 1266 1268
388 7 1266 1269
389 3 1266 1272
390 8 1276 1277
391 4 2598 2599
392 8 2582 2583
394 3 2634 2635
395 1 2634 2636
396 4 2633 2634
397 3 1722 1723
398 1 1722 1724
399 5 1716 1718
400 7 1716 1719
401 3 1716 1722
402 8 1719 1720
403 4 1714 1715
404 4 1728 1729
405 8 1733 1734
406 5 1723 1725
407 7 1723 1726
408 3 1723 1729
409 3 1729 1730
410 1 1729 1731
411 4 1721 1722
412 3 1715 1716
413 1 1715 1717
414 5 1730 1732
415 7 1730 1733
416 3 1730 1736
417 3 1736 1737
418 1 1736 1738
419 5 1709 1711
420 7 1709 1712
421 3 1709 1715
422 3 1708 1709
423 1 1708 1710
424 4 415 416
425 5 2635 2637
426 7 2635 2638
427 3 2635 2641
429 8 1817 1818
430 12 3035 3036
431 13 3035 3037
432 13 3035 3038
433 4 1812 1813
434 4 1735 1736
436 10 2817 2823
437 9 3034 3035
439 10 3034 3046
440 4 1819 1820
441 5 1814 1816
442 7 1814 1817
443 3 1814 1820
444 3 1813 1814
445 1 1813 1815
446 3 1799 1800
447 1 1799 1801
448 5 1807 1809
449 7 1807 1810
450 3 1807 1813
451 3 1820 1821
452 1 1820 1822
453 4 1805 1806
454 5 1800 1802
455 7 1800 1803
456 3 1800 1806
458 4 1798 1799
459 5 1793 1795
460 7 1793 1796
461 3 1793 1799
462 3 1806 1807
463 1 1806 1808
464 8 1796 1797
465 5 1786 1788
466 7 1786 1789
467 3 1786 1792
468 5 1821 1823
469 7 1821 1824
470 3 1821 1827
471 8 1803 1804
472 3 1792 1793
473 1 1792 1794
474 5 1779 1781
475 7 1779 1782
476 3 1779 1785
478 3 1785 1786
479 1 1785 1787
480 8 2785 2786
481 8 1852 1853
482 3 1869 1870
483 1 1869 1871
484 5 1849 1851
485 7 1849 1852
486 3 1849 1855
487 4 1791 1792
488 3 1855 1856
489 1 1855 1857
490 8 1859 1860
491 4 1861 1862
492 4 1784 1785
493 4 1854 1855
494 3 1862 1863
495 1 1862 1864
496 5 1863 1865
497 7 1863 1866
498 3 1863 1869
499 5 1856 1858
500 7 1856 1859
501 3 1856 1862
502 3 1848 1849
503 1 1848 1850
504 5 1842 1844
505 7 1842 1845
506 3 1842 1848
507 9 2959 2960
509 10 2959 2971
510 8 1283 1284
511 12 2976 2979
512 13 2976 2980
513 13 2976 2981
514 5 1280 1282
515 7 1280 1283
516 3 1280 1286
517 9 2979 2982
518 13 2979 2983
519 13 2979 2984
520 11 2982 2987
521 10 2982 2988
522 3 1286 1287
523 1 1286 1288
524 5 1287 1289
525 7 1287 1290
526 3 1287 1293
527 4 1285 1286
529 3 1293 1294
530 1 1293 1295
531 4 135 136
532 8 2568 2569
533 3 2557 2558
534 1 2557 2559
535 4 2563 2564
536 4 1292 1293
537 8 1726 1727
538 5 2558 2560
539 7 2558 2561
540 3 2558 2564
541 8 2561 2562
542 3 2564 2565
543 1 2564 2566
544 5 2565 2567
545 7 2565 2568
546 3 2565 2571
547 5 2544 2546
548 7 2544 2547
549 3 2544 2550
550 5 1737 1739
551 7 1737 1740
552 3 1737 1743
554 8 2540 2541
555 3 1743 1744
556 1 1743 1745
557 5 1744 1746
558 7 1744 1747
559 3 1744 1750
560 3 1750 1751
561 1 1750 1752
562 5 1751 1753
563 7 1751 1754
564 3 1751 1757
565 8 1754 1755
566 3 1757 1758
567 1 1757 1759
568 5 1758 1760
569 7 1758 1761
570 3 1758 1764
571 4 1763 1764
572 4 1756 1757
573 4 1742 1743
574 8 1761 1762
575 3 1764 1765
576 1 1764 1766
577 12 3036 3039
578 13 3036 3040
579 13 3036 3041
580 9 3039 3042
581 13 3039 3043
582 13 3039 3044
584 10 3042 3048
585 3 696 697
586 1 696 698
587 8 700 702
588 3 1778 1779
589 1 1778 1780
590 8 693 694
591 4 695 696
592 6 697 701
593 5 697 699
594 7 697 700
595 5 1765 1767
596 7 1765 1768
597 3 1765 1771
598 3 1771 1772
599 1 1771 1773
600 8 1768 1769
601 5 1772 1774
602 7 1772 1775
603 3 1772 1778
604 4 177 178
606 4 1959 1960
607 3 1960 1961
608 1 1960 1962
610 8 1943 1944
611 3 1939 1940
612 1 1939 1941
613 5 1940 1942
614 7 1940 1943
615 3 1940 1946
616 4 1945 1946
617 8 1950 1951
618 3 1946 1947
619 1 1946 1948
620 4 1952 1953
621 3 1953 1954
622 1 1953 1955
623 5 1947 1949
624 7 1947 1950
625 3 1947 1953
626 5 1954 1956
627 7 1954 1957
628 3 1954 1960
629 8 1782 1783
630 5 137 139
631 7 137 140
632 3 137 143
633 9 3009 3012
634 13 3009 3013
635 13 3009 3014
636 12 3005 3006
637 13 3005 3007
638 13 3005 3008
639 12 3006 3009
640 13 3006 3010
641 13 3006 3011
642 9 3004 3005
644 10 3004 3016
645 4 2458 2459
649 10 3012 3018
650 5 1506 1508
651 7 1506 1509
652 3 1506 1512
653 12 2961 2964
654 13 2961 2965
655 13 2961 2966
657 10 2967 2973
658 9 2964 2967
659 13 2964 2968
660 13 2964 2969
661 5 1513 1515
662 7 1513 1516
663 3 1513 1519
664 4 1532 1533
666 3 1533 1534
667 1 1533 1535
668 5 1527 1529
669 7 1527 1530
670 3 1527 1533
672 5 1499 1501
673 7 1499 1502
674 3 1499 1505
676 10 2832 2838
677 5 1485 1487
678 7 1485 1488
679 3 1485 1491
681 3 500 501
682 1 500 502
683 5 1478 1480
684 7 1478 1481
685 3 1478 1484
686 4 499 500
687 5 1471 1473
688 7 1471 1474
689 3 1471 1477
690 5 501 503
691 7 501 504
692 3 501 507
693 8 497 498
694 3 1484 1485
695 1 1484 1486
696 9 2829 2832
697 13 2829 2833
698 13 2829 2834
699 5 937 939
700 7 937 940
701 3 937 943
702 8 1488 1489
703 3 1477 1478
704 1 1477 1479
705 8 933 934
706 4 2234 2235
707 8 2239 2240
708 5 2236 2238
709 7 2236 2239
710 3 2236 2242
711 4 1476 1477
712 4 2241 2242
713 4 1483 1484
714 3 2242 2243
715 1 2242 2244
716 8 2246 2247
717 3 2235 2236
718 1 2235 2237
719 8 175 176
720 5 165 167
721 7 165 168
722 3 165 171
723 8 168 169
724 4 149 150
725 4 142 143
726 3 143 144
727 1 143 145
728 3 150 151
729 1 150 152
730 8 154 155
731 8 161 162
732 5 158 160
733 7 158 161
734 3 158 164
735 3 157 158
736 1 157 159
737 5 151 153
738 7 151 154
739 3 151 157
740 4 156 157
742 3 2130 2131
743 1 2130 2132
744 3 164 165
745 1 164 166
746 4 2129 2130
747 5 1238 1240
748 7 1238 1241
749 3 1238 1244
750 8 455 456
751 5 1231 1233
752 7 1231 1234
753 3 1231 1237
754 3 1237 1238
755 1 1237 1239
756 5 1224 1226
757 7 1224 1227
758 3 1224 1230
759 3 1230 1231
760 1 1230 1232
762 4 1229 1230
763 4 1236 1237
764 3 1223 1224
765 1 1223 1225
766 8 1227 1228
767 4 1243 1244
768 5 1217 1219
769 7 1217 1220
770 3 1217 1223
771 4 1222 1223
772 3 1244 1245
773 1 1244 1246
774 4 2290 2291
775 5 452 454
776 7 452 455
777 3 452 458
778 3 1519 1520
779 1 1519 1521
780 5 1520 1522
781 7 1520 1523
782 3 1520 1526
783 8 1220 1221
784 3 1526 1527
785 1 1526 1528
786 4 1525 1526
787 8 1523 1524
788 4 1518 1519
789 5 473 475
790 7 473 476
791 3 473 479
792 8 476 477
793 3 479 480
794 1 479 481
795 4 478 479
796 8 483 484
797 4 949 950
798 5 494 496
799 7 494 497
800 3 494 500
801 4 2043 2044
802 5 480 482
803 7 480 483
804 3 480 486
805 8 947 948
806 4 492 493
807 8 490 491
808 3 493 494
809 1 493 495
810 5 487 489
811 7 487 490
812 3 487 493
813 3 486 487
814 1 486 488
815 4 485 486
816 3 2221 2222
817 1 2221 2223
818 4 2220 2221
819 8 2055 2056
820 4 2227 2228
821 8 2225 2226
822 8 2027 2028
823 8 940 941
824 8 2041 2042
825 5 2222 2224
826 7 2222 2225
827 3 2222 2228
828 3 2228 2229
829 1 2228 2230
830 8 2232 2233
831 5 2229 2231
832 7 2229 2232
833 3 2229 2235
834 3 2151 2152
835 1 2151 2153
836 4 2150 2151
837 5 2145 2147
838 7 2145 2148
839 3 2145 2151
840 4 2143 2144
841 8 2148 2149
842 5 2152 2154
843 7 2152 2155
844 3 2152 2158
845 4 2022 2023
846 8 2141 2142
847 3 2144 2145
848 1 2144 2146
849 4 2136 2137
851 4 2015 2016
852 8 2295 2296
853 3 2137 2138
854 1 2137 2139
855 5 2138 2140
856 7 2138 2141
857 3 2138 2144
858 5 2131 2133
859 7 2131 2134
860 3 2131 2137
861 5 2003 2005
862 7 2003 2006
863 3 2003 2009
864 8 2006 2007
865 5 1252 1254
866 7 1252 1255
867 3 1252 1258
868 5 1245 1247
869 7 1245 1248
870 3 1245 1251
871 4 457 458
872 8 1705 1706
873 3 1258 1259
874 1 1258 1260
875 3 1251 1252
876 1 1251 1253
877 4 1250 1251
878 4 1257 1258
879 5 1259 1261
880 7 1259 1262
881 3 1259 1265
882 8 462 463
883 8 1038 1039
884 5 1702 1704
885 7 1702 1705
886 3 1702 1708
887 3 458 459
888 1 458 460
889 5 1688 1690
890 7 1688 1691
891 3 1688 1694
892 5 1695 1697
893 7 1695 1698
894 3 1695 1701
895 8 1691 1692
896 4 464 465
897 3 465 466
898 1 465 467
899 3 472 473
900 1 472 474
901 5 466 468
902 7 466 469
903 3 466 472
904 4 471 472
905 4 1700 1701
906 4 1693 1694
907 8 420 421
908 5 459 461
909 7 459 462
910 3 459 465
911 8 469 470
912 5 417 419
913 7 417 420
914 3 417 423
915 3 1701 1702
916 1 1701 1703
917 8 2076 2077
918 5 2073 2075
919 7 2073 2076
920 3 2073 2079
921 4 2057 2058
922 4 2064 2065
923 5 2052 2054
924 7 2052 2055
925 3 2052 2058
926 3 2058 2059
927 1 2058 2060
928 5 2059 2061
929 7 2059 2062
930 3 2059 2065
931 8 2062 2063
932 3 2065 2066
933 1 2065 2067
934 5 2066 2068
935 7 2066 2069
936 3 2066 2072
937 3 2072 2073
938 1 2072 2074
939 8 2069 2070
940 4 2213 2214
941 8 2176 2177
942 9 2809 2810
944 10 2809 2821
945 8 2155 2156
946 8 2169 2170
947 4 2157 2158
948 5 2166 2168
949 7 2166 2169
950 3 2166 2172
951 3 2158 2159
952 1 2158 2160
953 4 2164 2165
954 5 2173 2175
955 7 2173 2176
956 3 2173 2179
957 5 2159 2161
958 7 2159 2162
959 3 2159 2165
960 3 2172 2173
961 1 2172 2174
962 3 2165 2166
963 1 2165 2167
964 4 2171 2172
965 8 1262 1263
966 4 2001 2002
967 8 1999 2000
968 3 2002 2003
969 1 2002 2004
970 5 1996 1998
971 7 1996 1999
972 3 1996 2002
973 4 1994 1995
974 3 1995 1996
975 1 1995 1997
976 8 1992 1993
977 5 1989 1991
978 7 1989 1992
979 3 1989 1995
980 3 1988 1989
981 1 1988 1990
982 5 1982 1984
983 7 1982 1985
984 3 1982 1988
985 4 1987 1988
986 4 2297 2298
987 5 1308 1310
988 7 1308 1311
989 3 1308 1314
990 8 1311 1312
991 3 1314 1315
992 1 1314 1316
993 4 1313 1314
994 5 1315 1317
995 7 1315 1318
996 3 1315 1321
997 8 1318 1319
998 3 1321 1322
999 1 1321 1323
1000 8 1698 1699
1001 8 1712 1713
1002 5 1301 1303
1003 7 1301 1304
1004 3 1301 1307
1005 4 1320 1321
1006 3 1694 1695
1007 1 1694 1696
1008 3 416 417
1009 1 416 418
1010 5 410 412
1011 7 410 413
1012 3 410 416
1013 5 396 398
1014 7 396 399
1015 3 396 402
1016 3 395 396
1017 1 395 397
1018 8 1304 1305
1019 4 394 395
1020 3 402 403
1021 1 402 404
1022 4 401 402
1023 3 409 410
1024 1 409 411
1025 5 403 405
1026 7 403 406
1027 3 403 409
1028 4 408 409
1031 8 2183 2184
1033 10 3057 3063
1034 9 3054 3057
1035 13 3054 3058
1036 13 3054 3059
1037 12 3051 3054
1038 13 3051 3055
1039 13 3051 3056
1040 12 3050 3051
1041 13 3050 3052
1042 13 3050 3053
1043 5 2180 2182
1044 7 2180 2183
1045 3 2180 2186
1046 4 2185 2186
1047 4 2178 2179
1048 3 2179 2180
1049 1 2179 2181
1050 8 1838 1839
1051 4 1826 1827
1052 3 1827 1828
1053 1 1827 1829
1054 8 1831 1832
1055 4 1833 1834
1056 3 1834 1835
1057 1 1834 1836
1058 5 1828 1830
1059 7 1828 1831
1060 3 1828 1834
1061 5 1835 1837
1062 7 1835 1838
1063 3 1835 1841
1064 3 1841 1842
1065 1 1841 1843
1066 4 86 87
1068 4 1840 1841
1070 9 2869 2870
1072 10 2869 2881
1073 3 87 88
1074 1 87 89
1075 5 81 83
1076 7 81 84
1077 3 81 87
1078 8 1971 1972
1079 4 1847 1848
1080 4 1966 1967
1081 8 91 92
1082 4 1980 1981
1083 4 1973 1974
1084 3 1967 1968
1085 1 1967 1969
1086 5 1968 1970
1087 7 1968 1971
1088 3 1968 1974
1089 3 1974 1975
1090 1 1974 1976
1091 8 1978 1979
1092 3 1981 1982
1093 1 1981 1983
1094 5 1975 1977
1095 7 1975 1978
1096 3 1975 1981
1097 8 1985 1986
1098 8 105 106
1099 12 2870 2871
1100 13 2870 2872
1101 13 2870 2873
1102 4 93 94
1103 3 136 137
1104 1 136 138
1106 4 128 129
1107 5 130 132
1108 7 130 133
1109 3 130 136
1110 3 2459 2460
1111 1 2459 2461
1112 3 1307 1308
1113 1 1307 1309
1114 8 2456 2457
1115 4 1306 1307
1116 5 1294 1296
1117 7 1294 1297
1118 3 1294 1300
1119 3 129 130
1120 1 129 131
1121 5 123 125
1122 7 123 126
1123 3 123 129
1124 8 126 127
1125 3 122 123
1126 1 122 124
1127 5 116 118
1128 7 116 119
1129 3 116 122
1131 4 121 122
1132 5 2453 2455
1133 7 2453 2456
1134 3 2453 2459
1135 3 1300 1301
1136 1 1300 1302
1137 8 119 120
1138 5 2460 2462
1139 7 2460 2463
1140 3 2460 2466
1141 4 1299 1300
1142 4 2535 2536
1143 3 2543 2544
1144 1 2543 2545
1145 4 2451 2452
1146 5 2537 2539
1147 7 2537 2540
1148 3 2537 2543
1149 8 2526 2527
1150 3 2536 2537
1151 1 2536 2538
1152 5 2530 2532
1153 7 2530 2533
1154 3 2530 2536
1155 3 2452 2453
1156 1 2452 2454
1157 5 2523 2525
1158 7 2523 2526
1159 3 2523 2529
1160 3 2529 2530
1161 1 2529 2531
1162 8 2533 2534
1163 8 2449 2450
1164 4 2542 2543
1165 5 2446 2448
1166 7 2446 2449
1167 3 2446 2452
1168 3 2522 2523
1169 1 2522 2524
1170 12 2826 2829
1171 13 2826 2830
1172 13 2826 2831
1173 4 2521 2522
1174 4 2528 2529
1175 8 182 183
1176 8 1481 1482
1177 8 189 190
1178 4 191 192
1179 4 184 185
1180 4 170 171
1181 3 171 172
1182 1 171 173
1183 5 172 174
1184 7 172 175
1185 3 172 178
1186 3 178 179
1187 1 178 180
1188 5 179 181
1189 7 179 182
1190 3 179 185
1191 3 185 186
1192 1 185 187
1193 5 186 188
1194 7 186 189
1195 3 186 192
1196 4 198 199
1197 3 192 193
1198 1 192 194
1199 5 193 195
1200 7 193 196
1201 3 193 199
1202 3 199 200
1203 1 199 201
1204 4 205 206
1205 4 1469 1470
1206 8 203 204
1207 5 1961 1963
1208 7 1961 1964
1209 3 1961 1967
1210 4 163 164
1211 8 1964 1965
1212 12 2871 2874
1213 13 2871 2875
1214 13 2871 2876
1216 10 2877 2883
1217 9 2874 2877
1218 13 2874 2878
1219 13 2874 2879
1220 5 1210 1212
1221 7 1210 1213
1222 3 1210 1216
1223 5 1203 1205
1224 7 1203 1206
1225 3 1203 1209
1226 8 1206 1207
1227 3 1202 1203
1228 1 1202 1204
1229 4 1553 1554
1230 5 1196 1198
1231 7 1196 1199
1232 3 1196 1202
1233 8 1199 1200
1234 3 1195 1196
1235 1 1195 1197
1236 4 1194 1195
1237 4 2465 2466
1238 3 2466 2467
1239 1 2466 2468
1240 8 2113 2114
1241 8 1192 1193
1242 5 1189 1191
1243 7 1189 1192
1244 3 1189 1195
1245 3 1209 1210
1246 1 1209 1211
1247 4 1208 1209
1248 4 2472 2473
1249 4 2479 2480
1250 3 1554 1555
1251 1 1554 1556
1252 5 1534 1536
1253 7 1534 1537
1254 3 1534 1540
1255 4 1546 1547
1256 4 1539 1540
1257 3 1540 1541
1258 1 1540 1542
1259 3 1547 1548
1260 1 1547 1549
1261 8 1544 1545
1262 5 1541 1543
1263 7 1541 1544
1264 3 1541 1547
1265 5 1548 1550
1266 7 1548 1551
1267 3 1548 1554
1268 8 1551 1552
1269 3 507 508
1270 1 507 509
1271 8 504 505
1272 4 520 521
1273 3 521 522
1274 1 521 523
1275 8 511 512
1276 4 506 507
1277 4 513 514
1278 3 514 515
1279 1 514 516
1280 5 515 517
1281 7 515 518
1282 3 515 521
1283 5 508 510
1284 7 508 511
1285 3 508 514
1286 8 518 519
1287 8 1453 1454
1288 5 522 524
1289 7 522 525
1290 3 522 528
1291 8 1474 1475
1292 5 2243 2245
1293 7 2243 2246
1294 3 2243 2249
1295 5 1450 1452
1296 7 1450 1453
1297 3 1450 1456
1298 4 1455 1456
1299 8 1446 1447
1300 4 1448 1449
1301 3 1456 1457
1302 1 1456 1458
1303 4 2248 2249
1304 5 1457 1459
1305 7 1457 1460
1306 3 1457 1463
1307 8 1460 1461
1308 3 2249 2250
1309 1 2249 2251
1310 3 1449 1450
1311 1 1449 1451
1312 5 2250 2252
1313 7 2250 2253
1314 3 2250 2256
1315 5 1443 1445
1316 7 1443 1446
1317 3 1443 1449
1318 4 2255 2256
1319 3 2256 2257
1320 1 2256 2258
1321 8 2253 2254
1322 3 1442 1443
1323 1 1442 1444
1324 3 1470 1471
1325 1 1470 1472
1326 8 217 218
1327 5 2124 2126
1328 7 2124 2127
1329 3 2124 2130
1330 8 224 225
1331 4 2122 2123
1332 3 2123 2124
1333 1 2123 2125
1334 5 2117 2119
1335 7 2117 2120
1336 3 2117 2123
1337 4 2115 2116
1338 3 2116 2117
1339 1 2116 2118
1340 5 2109 2112
1341 7 2109 2113
1342 3 2109 2116
1343 5 2257 2259
1344 7 2257 2260
1345 3 2257 2263
1346 4 219 220
1347 3 227 228
1348 1 227 229
1349 8 2260 2261
1350 4 1187 1188
1351 3 1188 1189
1352 1 1188 1190
1353 3 2108 2109
1354 1 2108 2110
1355 2 2108 2111
1356 4 226 227
1357 4 1201 1202
1358 3 1216 1217
1359 1 1216 1218
1360 4 2283 2284
1361 3 2284 2285
1362 1 2284 2286
1363 5 1056 1058
1364 7 1056 1059
1365 3 1056 1062
1366 3 1055 1056
1367 1 1055 1057
1368 8 1059 1060
1369 5 1049 1051
1370 7 1049 1052
1371 3 1049 1055
1372 8 1052 1053
1373 8 2281 2282
1374 8 2288 2289
1375 8 1066 1067
1376 4 1068 1069
1377 4 1215 1216
1378 8 1530 1531
1379 3 1062 1063
1380 1 1062 1064
1381 4 1075 1076
1382 5 1063 1065
1383 7 1063 1066
1384 3 1063 1069
1385 8 1073 1074
1386 5 1070 1072
1387 7 1070 1073
1388 3 1070 1076
1389 3 1076 1077
1390 1 1076 1078
1391 3 1069 1070
1392 1 1069 1071
1393 8 1017 1018
1394 8 1031 1032
1395 8 1080 1081
1396 5 1077 1079
1397 7 1077 1080
1398 3 1077 1083
1399 5 1028 1030
1400 7 1028 1031
1401 3 1028 1034
1402 4 1026 1027
1403 8 2218 2219
1404 3 1083 1084
1405 1 1083 1085
1406 4 1082 1083
1407 8 1087 1088
1408 5 1084 1086
1409 7 1084 1087
1410 3 1084 1090
1411 4 1089 1090
1412 3 1090 1091
1413 1 1090 1092
1414 5 1091 1093
1415 7 1091 1094
1416 3 1091 1097
1417 4 1096 1097
1418 3 1097 1098
1419 1 1097 1099
1420 8 1094 1095
1421 5 1098 1100
1422 7 1098 1101
1423 3 1098 1104
1424 5 2215 2217
1425 7 2215 2218
1426 3 2215 2221
1427 3 2214 2215
1428 1 2214 2216
1429 8 1439 1440
1430 4 1441 1442
1431 5 1436 1438
1432 7 1436 1439
1433 3 1436 1442
1434 3 1435 1436
1435 1 1435 1437
1436 5 1429 1431
1437 7 1429 1432
1438 3 1429 1435
1439 8 1432 1433
1440 3 1428 1429
1441 1 1428 1430
1442 5 1422 1424
1443 7 1422 1425
1444 3 1422 1428
1445 4 1434 1435
1446 8 1425 1426
1447 4 1427 1428
1448 8 1101 1102
1449 3 1421 1422
1450 1 1421 1423
1451 5 1415 1417
1452 7 1415 1418
1453 3 1415 1421
1454 4 1420 1421
1455 5 2292 2294
1456 7 2292 2295
1457 3 2292 2298
1458 8 2127 2128
1459 3 2263 2264
1460 1 2263 2265
1461 4 2262 2263
1462 3 2291 2292
1463 1 2291 2293
1464 5 2278 2280
1465 7 2278 2281
1466 3 2278 2284
1467 4 2276 2277
1468 3 2277 2278
1469 1 2277 2279
1470 5 2285 2287
1471 7 2285 2288
1472 3 2285 2291
1473 3 2270 2271
1474 1 2270 2272
1475 5 2264 2266
1476 7 2264 2267
1477 3 2264 2270
1478 5 2271 2273
1479 7 2271 2274
1480 3 2271 2277
1481 8 2302 2303
1482 3 2298 2299
1483 1 2298 2300
1484 5 2299 2301
1485 7 2299 2302
1486 3 2299 2305
1487 8 1332 1333
1488 5 1042 1044
1489 7 1042 1045
1490 3 1042 1048
1491 3 1048 1049
1492 1 1048 1050
1493 8 1045 1046
1494 5 1035 1037
1495 7 1035 1038
1496 3 1035 1041
1497 3 1041 1042
1498 1 1041 1043
1499 4 1040 1041
1500 4 1047 1048
1501 3 1680 1681
1502 1 1680 1682
1503 5 1674 1676
1504 7 1674 1677
1505 3 1674 1680
1506 4 1679 1680
1507 3 1673 1674
1508 1 1673 1675
1509 4 1672 1673
1510 4 1665 1666
1512 5 1329 1331
1513 7 1329 1332
1514 3 1329 1335
1515 4 1033 1034
1516 3 1034 1035
1517 1 1034 1036
1518 4 1686 1687
1519 3 1687 1688
1520 1 1687 1689
1521 4 1019 1020
1522 3 1027 1028
1523 1 1027 1029
1524 5 1021 1023
1525 7 1021 1024
1526 3 1021 1027
1527 5 1014 1016
1528 7 1014 1017
1529 3 1014 1020
1530 3 1020 1021
1531 1 1020 1022
1532 3 2079 2080
1533 1 2079 2081
1534 8 1024 1025
1535 4 2078 2079
1536 8 2090 2091
1537 5 2080 2082
1538 7 2080 2083
1539 3 2080 2086
1540 5 2087 2089
1541 7 2087 2090
1542 3 2087 2093
1543 3 2086 2087
1544 1 2086 2088
1545 4 2071 2072
1546 4 1012 1013
1547 3 1013 1014
1548 1 1013 1015
1549 3 2207 2208
1550 1 2207 2209
1551 5 2201 2203
1552 7 2201 2204
1553 3 2201 2207
1554 8 2204 2205
1555 3 2200 2201
1556 1 2200 2202
1557 5 2194 2196
1558 7 2194 2197
1559 3 2194 2200
1560 4 2199 2200
1561 8 2197 2198
1562 3 2193 2194
1563 1 2193 2195
1564 8 2083 2084
1565 5 2208 2210
1566 7 2208 2211
1567 3 2208 2214
1568 4 2206 2207
1569 4 1005 1006
1570 8 2211 2212
1571 8 2162 2163
1572 3 2326 2327
1573 1 2326 2328
1574 5 2327 2329
1575 7 2327 2330
1576 3 2327 2333
1577 5 2320 2322
1578 7 2320 2323
1579 3 2320 2326
1580 3 2319 2320
1581 1 2319 2321
1582 8 2330 2331
1583 4 2325 2326
1585 8 2323 2324
1586 8 1353 1354
1587 3 1335 1336
1588 1 1335 1337
1589 5 1336 1338
1590 7 1336 1339
1591 3 1336 1342
1592 5 1343 1345
1593 7 1343 1346
1594 3 1343 1349
1595 3 1342 1343
1596 1 1342 1344
1597 8 1339 1340
1598 8 2309 2310
1599 4 2304 2305
1601 5 2313 2315
1602 7 2313 2316
1603 3 2313 2319
1604 4 2311 2312
1605 3 2305 2306
1606 1 2305 2307
1607 3 2312 2313
1608 1 2312 2314
1609 5 2306 2308
1610 7 2306 2309
1611 3 2306 2312
1612 4 1341 1342
1613 4 2318 2319
1614 4 1348 1349
1615 3 1349 1350
1616 1 1349 1351
1617 3 1328 1329
1618 1 1328 1330
1619 5 1322 1324
1620 7 1322 1325
1621 3 1322 1328
1622 8 1325 1326
1624 8 1684 1685
1625 4 1327 1328
1627 3 381 382
1628 1 381 383
1629 5 368 370
1630 7 368 371
1631 3 368 374
1632 4 107 108
1633 3 374 375
1634 1 374 376
1635 4 387 388
1636 5 1681 1683
1637 7 1681 1684
1638 3 1681 1687
1639 5 389 391
1640 7 389 392
1641 3 389 395
1642 8 392 393
1643 8 399 400
1644 3 388 389
1645 1 388 390
1646 4 2085 2086
1647 5 382 384
1648 7 382 385
1649 3 382 388
1650 3 2093 2094
1651 1 2093 2095
1652 8 2505 2506
1653 5 2502 2504
1654 7 2502 2505
1655 3 2502 2508
1656 4 2092 2093
1657 3 2508 2509
1658 1 2508 2510
1659 5 2509 2511
1660 7 2509 2512
1661 3 2509 2515
1662 4 2507 2508
1663 5 2094 2096
1664 7 2094 2097
1665 3 2094 2100
1666 3 2501 2502
1667 1 2501 2503
1668 4 2099 2100
1669 3 2100 2101
1670 1 2100 2102
1671 5 2516 2518
1672 7 2516 2519
1673 3 2516 2522
1674 8 2519 2520
1675 4 2192 2193
1676 8 2512 2513
1677 3 2186 2187
1678 1 2186 2188
1679 5 2187 2189
1680 7 2187 2190
1681 3 2187 2193
1682 8 2190 2191
1683 3 2354 2355
1684 1 2354 2356
1685 4 2353 2354
1686 9 3049 3050
1688 10 3049 3061
1689 4 65 66
1690 3 66 67
1691 1 66 68
1692 3 80 81
1693 1 80 82
1694 4 79 80
1695 5 74 76
1696 7 74 77
1697 3 74 80
1698 3 73 74
1699 1 73 75
1700 5 67 69
1701 7 67 70
1702 3 67 73
1703 4 72 73
1704 8 77 78
1706 5 60 62
1707 7 60 63
1708 3 60 66
1709 4 1334 1335
1710 5 88 90
1711 7 88 91
1712 3 88 94
1713 3 94 95
1714 1 94 96
1715 8 98 99
1716 5 95 97
1717 7 95 98
1718 3 95 101
1719 5 102 104
1720 7 102 105
1721 3 102 108
1722 3 101 102
1723 1 101 103
1724 4 100 101
1725 3 108 109
1726 1 108 110
1727 3 59 60
1728 1 59 61
1729 4 366 367
1730 4 380 381
1731 5 375 377
1732 7 375 378
1733 3 375 381
1734 3 115 116
1735 1 115 117
1736 3 2473 2474
1737 1 2473 2475
1738 4 373 374
1739 5 2467 2469
1740 7 2467 2470
1741 3 2467 2473
1742 8 2470 2471
1743 5 2474 2476
1744 7 2474 2477
1745 3 2474 2480
1746 3 2480 2481
1747 1 2480 2482
1748 8 378 379
1749 4 114 115
1750 4 2107 2108
1751 3 367 368
1752 1 367 369
1753 8 2477 2478
1754 5 2481 2483
1755 7 2481 2484
1756 3 2481 2487
1757 8 2498 2499
1758 8 385 386
1759 3 2515 2516
1760 1 2515 2517
1761 4 2444 2445
1762 3 2445 2446
1763 1 2445 2447
1764 8 2435 2436
1765 5 2439 2441
1766 7 2439 2442
1767 3 2439 2445
1768 8 2442 2443
1769 3 2438 2439
1770 1 2438 2440
1771 4 2493 2494
1772 4 2437 2438
1773 5 2432 2434
1774 7 2432 2435
1775 3 2432 2438
1776 4 2430 2431
1777 3 2431 2432
1778 1 2431 2433
1779 3 2494 2495
1780 1 2494 2496
1781 3 2487 2488
1782 1 2487 2489
1783 5 2425 2427
1784 7 2425 2428
1785 3 2425 2431
1786 5 2495 2497
1787 7 2495 2498
1788 3 2495 2501
1789 5 2355 2357
1790 7 2355 2358
1791 3 2355 2361
1792 4 2514 2515
1793 12 2825 2826
1794 13 2825 2827
1795 13 2825 2828
1796 9 2824 2825
1798 10 2824 2836
1799 3 2361 2362
1800 1 2361 2363
1801 8 2358 2359
1802 4 2360 2361
1803 8 2428 2429
1804 5 2362 2364
1805 7 2362 2365
1806 3 2362 2368
1809 5 1464 1466
1810 7 1464 1467
1811 3 1464 1470
1812 3 1463 1464
1813 1 1463 1465
1814 5 200 202
1815 7 200 203
1816 3 200 206
1817 3 206 207
1818 1 206 208
1819 4 1462 1463
1820 4 2367 2368
1821 3 2368 2369
1822 1 2368 2370
1823 4 2374 2375
1824 5 207 209
1825 7 207 210
1826 3 207 213
1827 8 2379 2380
1830 5 109 111
1831 7 109 112
1832 3 109 115
1834 10 3072 3078
1835 4 212 213
1836 5 214 216
1837 7 214 217
1838 3 214 220
1839 3 220 221
1840 1 220 222
1841 5 221 223
1842 7 221 224
1843 3 221 227
1844 12 3065 3066
1845 13 3065 3067
1846 13 3065 3068
1847 3 213 214
1848 1 213 215
1849 9 3064 3065
1851 10 3064 3076
1852 12 3066 3069
1853 13 3066 3070
1854 13 3066 3071
1855 9 3069 3072
1856 13 3069 3073
1857 13 3069 3074
1858 4 1560 1561
1859 4 240 241
1860 8 245 246
1861 3 1561 1562
1862 1 1561 1563
1863 8 252 253
1864 5 1562 1564
1865 7 1562 1565
1866 3 1562 1568
1867 8 1565 1566
1868 5 249 251
1869 7 249 252
1870 3 249 255
1871 5 242 244
1872 7 242 245
1873 3 242 248
1874 4 247 248
1875 3 241 242
1876 1 241 243
1877 3 248 249
1878 1 248 250
1879 8 1572 1573
1880 4 781 782
1881 3 255 256
1882 1 255 257
1883 8 532 533
1884 3 528 529
1885 1 528 530
1886 5 529 531
1887 7 529 532
1888 3 529 535
1889 8 1558 1559
1890 5 1555 1557
1891 7 1555 1558
1892 3 1555 1561
1893 4 774 775
1894 3 775 776
1895 1 775 777
1896 4 527 528
1897 5 783 785
1898 7 783 786
1899 3 783 789
1900 4 534 535
1901 3 789 790
1902 1 789 791
1903 3 535 536
1904 1 535 537
1905 4 788 789
1906 3 782 783
1907 1 782 784
1908 8 539 540
1909 5 536 538
1910 7 536 539
1911 3 536 542
1912 8 786 787
1913 4 795 796
1914 8 525 526
1915 8 814 815
1916 3 803 804
1917 1 803 805
1918 5 804 806
1919 7 804 807
1920 3 804 810
1921 8 807 808
1922 8 863 864
1923 4 858 859
1924 3 810 811
1925 1 810 812
1926 5 860 862
1927 7 860 863
1928 3 860 866
1929 3 866 867
1930 1 866 868
1931 8 870 871
1932 5 811 813
1933 7 811 814
1934 3 811 817
1935 8 2407 2408
1936 4 865 866
1937 5 867 869
1938 7 867 870
1939 3 867 873
1940 8 877 878
1941 4 872 873
1942 5 874 876
1943 7 874 877
1944 3 874 880
1945 3 873 874
1946 1 873 875
1947 3 880 881
1948 1 880 882
1949 4 879 880
1950 8 2393 2394
1951 8 1171 1172
1952 4 233 234
1953 5 1182 1184
1954 7 1182 1185
1955 3 1182 1188
1956 5 1175 1177
1957 7 1175 1178
1958 3 1175 1181
1959 3 1181 1182
1960 1 1181 1183
1961 8 1178 1179
1962 4 1180 1181
1963 4 1173 1174
1965 3 1174 1175
1966 1 1174 1176
1967 5 1168 1170
1968 7 1168 1171
1969 3 1168 1174
1970 3 1167 1168
1971 1 1167 1169
1972 4 1166 1167
1973 4 893 894
1974 3 234 235
1975 1 234 236
1976 4 1054 1055
1977 4 767 768
1978 4 1567 1568
1979 3 1568 1569
1980 1 1568 1570
1981 5 1569 1571
1982 7 1569 1572
1983 3 1569 1575
1984 3 1575 1576
1985 1 1575 1577
1986 3 1582 1583
1987 1 1582 1584
1988 5 1576 1578
1989 7 1576 1579
1990 3 1576 1582
1991 5 1583 1585
1992 7 1583 1586
1993 3 1583 1589
1994 4 1588 1589
1995 4 1574 1575
1996 4 1581 1582
1997 4 760 761
1998 3 1589 1590
1999 1 1589 1591
2000 8 1586 1587
2002 4 1061 1062
2003 3 542 543
2004 1 542 544
2005 8 553 554
2006 4 541 542
2008 4 548 549
2009 5 543 545
2010 7 543 546
2011 3 543 549
2012 3 549 550
2013 1 549 551
2014 5 550 552
2015 7 550 553
2016 3 550 556
2017 5 557 559
2018 7 557 560
2019 3 557 563
2020 3 556 557
2021 1 556 558
2022 4 555 556
2023 3 563 564
2024 1 563 565
2025 4 844 845
2026 3 859 860
2027 1 859 861
2028 8 856 857
2029 5 853 855
2030 7 853 856
2031 3 853 859
2032 3 852 853
2033 1 852 854
2034 4 851 852
2035 5 846 848
2036 7 846 849
2037 3 846 852
2038 3 845 846
2039 1 845 847
2040 8 849 850
2041 5 839 841
2042 7 839 842
2043 3 839 845
2044 8 1122 1123
2045 8 1115 1116
2046 5 1105 1107
2047 7 1105 1108
2048 3 1105 1111
2049 3 1104 1105
2050 1 1104 1106
2051 4 1103 1104
2052 5 881 883
2053 7 881 884
2054 3 881 887
2055 3 887 888
2056 1 887 889
2057 8 884 885
2058 5 888 890
2059 7 888 891
2060 3 888 894
2061 5 1112 1114
2062 7 1112 1115
2063 3 1112 1118
2064 3 1111 1112
2065 1 1111 1113
2066 4 1110 1111
2067 3 1118 1119
2068 1 1118 1120
2069 5 1407 1410
2070 7 1407 1411
2071 3 1407 1414
2072 3 1414 1415
2073 1 1414 1416
2074 8 1411 1412
2075 4 1117 1118
2076 5 1119 1121
2077 7 1119 1122
2078 3 1119 1125
2079 3 1406 1407
2080 1 1406 1408
2081 2 1406 1409
2082 4 1405 1406
2083 4 1413 1414
2084 4 2269 2270
2085 8 2267 2268
2086 8 891 892
2087 4 886 887
2088 8 2274 2275
2089 12 2886 2889
2090 13 2886 2890
2091 13 2886 2891
2092 4 1355 1356
2093 9 2884 2885
2095 10 2884 2896
2096 12 2885 2886
2097 13 2885 2887
2098 13 2885 2888
2099 4 1362 1363
2100 3 1370 1371
2101 1 1370 1372
2102 3 1363 1364
2103 1 1363 1365
2104 5 1364 1366
2105 7 1364 1367
2106 3 1364 1370
2107 8 1367 1368
2108 8 1593 1594
2109 5 1590 1592
2110 7 1590 1593
2111 3 1590 1596
2112 3 1596 1597
2113 1 1596 1598
2114 5 1597 1599
2115 7 1597 1600
2116 3 1597 1603
2118 5 1667 1669
2119 7 1667 1670
2120 3 1667 1673
2122 5 1604 1606
2123 7 1604 1607
2124 3 1604 1610
2125 3 1603 1604
2126 1 1603 1605
2127 4 1595 1596
2128 4 1602 1603
2129 3 1666 1667
2130 1 1666 1668
2131 8 1663 1664
2132 8 560 561
2133 8 1010 1011
2134 4 562 563
2135 4 1658 1659
2136 5 1660 1662
2137 7 1660 1663
2138 3 1660 1666
2139 3 1659 1660
2140 1 1659 1661
2141 5 1653 1655
2142 7 1653 1656
2143 3 1653 1659
2144 8 1656 1657
2145 3 1652 1653
2146 1 1652 1654
2147 4 1651 1652
2148 8 1649 1650
2149 5 1646 1648
2150 7 1646 1649
2151 3 1646 1652
2152 5 1007 1009
2153 7 1007 1010
2154 3 1007 1013
2155 8 996 997
2156 8 1003 1004
2157 4 998 999
2158 4 991 992
2159 3 992 993
2160 1 992 994
2161 3 999 1000
2162 1 999 1001
2163 5 993 995
2164 7 993 996
2165 3 993 999
2166 3 1006 1007
2167 1 1006 1008
2168 5 1000 1002
2169 7 1000 1003
2170 3 1000 1006
2171 8 989 990
2172 8 1108 1109
2173 4 632 633
2174 3 633 634
2175 1 633 635
2176 5 627 629
2177 7 627 630
2178 3 627 633
2179 3 2333 2334
2180 1 2333 2335
2181 4 2332 2333
2182 5 634 636
2183 7 634 637
2184 3 634 640
2185 8 637 638
2186 4 639 640
2187 3 640 641
2188 1 640 642
2189 12 3021 3024
2190 13 3021 3025
2191 13 3021 3026
2192 9 3024 3027
2193 13 3024 3028
2194 13 3024 3029
2195 8 630 631
2196 12 3020 3021
2197 13 3020 3022
2198 13 3020 3023
2199 9 3019 3020
2201 10 3019 3031
2202 5 1350 1352
2203 7 1350 1353
2204 3 1350 1356
2205 8 42 43
2206 3 1356 1357
2207 1 1356 1358
2208 8 1360 1361
2209 5 1357 1359
2210 7 1357 1360
2211 3 1357 1363
2212 3 38 39
2213 1 38 40
2214 5 32 34
2215 7 32 35
2216 3 32 38
2217 5 1371 1373
2218 7 1371 1374
2219 3 1371 1377
2220 5 39 41
2221 7 39 42
2222 3 39 45
2223 4 44 45
2224 4 37 38
2225 4 51 52
2226 3 45 46
2227 1 45 47
2228 12 2990 2991
2229 13 2990 2992
2230 13 2990 2993
2231 9 2989 2990
2233 10 2989 3001
2234 12 2991 2994
2235 13 2991 2995
2236 13 2991 2996
2237 9 2994 2997
2238 13 2994 2998
2239 13 2994 2999
2241 10 2997 3003
2242 4 359 360
2244 5 361 363
2245 7 361 364
2246 3 361 367
2247 4 1609 1610
2248 3 1631 1632
2249 1 1631 1633
2250 4 2500 2501
2251 8 1642 1643
2252 8 2097 2098
2253 3 1645 1646
2254 1 1645 1647
2255 5 1639 1641
2256 7 1639 1642
2257 3 1639 1645
2258 4 1644 1645
2259 3 1638 1639
2260 1 1638 1640
2261 4 1637 1638
2262 4 1630 1631
2263 6 2101 2105
2264 5 2101 2103
2265 7 2101 2104
2266 8 709 710
2267 8 2104 2106
2268 3 2347 2348
2269 1 2347 2349
2270 5 2348 2350
2271 7 2348 2351
2272 3 2348 2354
2273 5 2341 2343
2274 7 2341 2344
2275 3 2341 2347
2276 5 705 708
2277 7 705 709
2278 3 705 712
2279 8 322 323
2280 8 2351 2352
2281 4 2339 2340
2282 4 2346 2347
2283 5 305 307
2284 7 305 308
2285 3 305 311
2286 3 311 312
2287 1 311 313
2288 8 308 309
2289 4 703 704
2290 3 704 705
2291 1 704 706
2292 2 704 707
2293 5 319 321
2294 7 319 322
2295 3 319 325
2296 5 312 314
2297 7 312 315
2298 3 312 318
2299 8 2344 2345
2300 3 2340 2341
2301 1 2340 2342
2302 3 304 305
2303 1 304 306
2304 5 2334 2336
2305 7 2334 2337
2306 3 2334 2340
2307 8 2337 2338
2309 10 3027 3033
2310 8 301 302
2311 5 298 300
2312 7 298 301
2313 3 298 304
2314 5 291 293
2315 7 291 294
2316 3 291 297
2318 4 58 59
2319 3 297 298
2320 1 297 299
2321 4 296 297
2323 10 2937 2943
2324 8 56 57
2326 5 53 55
2327 7 53 56
2328 3 53 59
2329 3 52 53
2330 1 52 54
2331 9 2934 2937
2332 13 2934 2938
2333 13 2934 2939
2335 5 46 48
2336 7 46 49
2337 3 46 52
2338 12 2931 2934
2339 13 2931 2935
2340 13 2931 2936
2341 3 360 361
2342 1 360 362
2343 8 357 358
2344 5 354 356
2345 7 354 357
2346 3 354 360
2347 3 353 354
2348 1 353 355
2349 4 352 353
2350 5 347 349
2351 7 347 350
2352 3 347 353
2353 8 350 351
2354 3 346 347
2355 1 346 348
2356 8 2484 2485
2357 4 345 346
2358 8 329 330
2359 5 797 799
2360 7 797 800
2361 3 797 803
2362 4 2486 2487
2363 3 796 797
2364 1 796 798
2365 5 790 792
2366 7 790 793
2367 3 790 796
2368 5 2488 2490
2369 7 2488 2491
2370 3 2488 2494
2371 3 325 326
2372 1 325 327
2373 8 2491 2492
2374 8 793 794
2375 3 332 333
2376 1 332 334
2377 5 326 328
2378 7 326 329
2379 3 326 332
2380 4 331 332
2381 5 333 335
2382 7 333 336
2383 3 333 339
2384 3 339 340
2385 1 339 341
2386 4 338 339
2387 5 340 342
2388 7 340 343
2389 3 340 346
2390 8 800 801
2391 4 2423 2424
2392 8 336 337
2393 3 2424 2425
2394 1 2424 2426
2395 4 802 803
2396 8 2414 2415
2397 5 2404 2406
2398 7 2404 2407
2399 3 2404 2410
2400 4 310 311
2401 4 324 325
2402 3 318 319
2403 1 318 320
2404 8 315 316
2405 4 317 318
2406 8 2421 2422
2407 4 2416 2417
2408 5 2418 2420
2409 7 2418 2421
2410 3 2418 2424
2411 3 2417 2418
2412 1 2417 2419
2413 5 2411 2413
2414 7 2411 2414
2415 3 2411 2417
2416 4 2409 2410
2417 3 2410 2411
2418 1 2410 2412
2419 3 2403 2404
2420 1 2403 2405
2421 3 2375 2376
2422 1 2375 2377
2423 4 2402 2403
2424 5 2369 2371
2425 7 2369 2372
2426 3 2369 2375
2427 5 2390 2392
2428 7 2390 2393
2429 3 2390 2396
2430 4 289 290
2431 3 2382 2383
2432 1 2382 2384
2433 4 2381 2382
2434 5 2383 2385
2435 7 2383 2386
2436 3 2383 2389
2437 3 2389 2390
2438 1 2389 2391
2439 4 2388 2389
2440 8 2372 2373
2441 8 2400 2401
2442 5 2397 2399
2443 7 2397 2400
2444 3 2397 2403
2445 5 2376 2378
2446 7 2376 2379
2447 3 2376 2382
2448 3 290 291
2449 1 290 292
2450 3 2396 2397
2451 1 2396 2398
2452 5 284 286
2453 7 284 287
2454 3 284 290
2455 8 2386 2387
2456 5 228 230
2457 7 228 231
2458 3 228 234
2459 8 280 281
2460 5 235 237
2461 7 235 238
2462 3 235 241
2463 8 238 239
2464 4 282 283
2465 3 283 284
2466 1 283 285
2467 8 231 232
2468 5 277 279
2469 7 277 280
2470 3 277 283
2471 3 276 277
2472 1 276 278
2473 5 270 272
2474 7 270 273
2475 3 270 276
2476 8 273 274
2477 3 269 270
2478 1 269 271
2479 4 268 269
2480 4 275 276
2481 4 254 255
2482 3 1911 1912
2483 1 1911 1913
2484 5 1905 1907
2485 7 1905 1908
2486 3 1905 1911
2487 5 1912 1914
2488 7 1912 1915
2489 3 1912 1918
2490 3 1918 1919
2491 1 1918 1920
2492 4 1917 1918
2494 8 1901 1902
2496 10 2892 2898
2497 5 1919 1921
2498 7 1919 1922
2499 3 1919 1925
2500 5 256 258
2501 7 256 259
2502 3 256 262
2503 9 2889 2892
2504 13 2889 2893
2505 13 2889 2894
2506 8 1908 1909
2508 5 769 771
2509 7 769 772
2510 3 769 775
2511 8 779 780
2512 5 776 778
2513 7 776 779
2514 3 776 782
2515 3 2697 2698
2516 1 2697 2699
2518 5 2691 2693
2519 7 2691 2694
2520 3 2691 2697
2521 3 2690 2691
2522 1 2690 2692
2523 4 2689 2690
2524 5 2684 2686
2525 7 2684 2687
2526 3 2684 2690
2527 8 2687 2688
2528 3 2683 2684
2529 1 2683 2685
2530 4 2682 2683
2531 4 2696 2697
2532 5 2677 2679
2533 7 2677 2680
2534 3 2677 2683
2535 3 2718 2719
2536 1 2718 2720
2537 4 809 810
2538 4 816 817
2539 3 817 818
2540 1 817 819
2541 8 821 822
2542 5 818 820
2543 7 818 821
2544 3 818 824
2545 3 824 825
2546 1 824 826
2547 4 823 824
2548 8 2722 2723
2549 5 2719 2721
2550 7 2719 2722
2551 3 2719 2725
2552 4 2724 2725
2553 3 2725 2726
2554 1 2725 2727
2555 8 686 687
2556 5 1133 1135
2557 7 1133 1136
2558 3 1133 1139
2559 4 1138 1139
2560 3 1139 1140
2561 1 1139 1141
2562 4 1145 1146
2563 5 1140 1142
2564 7 1140 1143
2565 3 1140 1146
2566 3 1146 1147
2567 1 1146 1148
2568 4 1131 1132
2569 8 1136 1137
2570 3 1132 1133
2571 1 1132 1134
2572 8 1143 1144
2573 3 908 909
2574 1 908 910
2575 4 907 908
2576 5 1147 1149
2577 7 1147 1150
2578 3 1147 1153
2579 5 909 911
2580 7 909 912
2581 3 909 915
2582 8 259 260
2583 5 1926 1928
2584 7 1926 1929
2585 3 1926 1932
2586 3 901 902
2587 1 901 903
2588 4 900 901
2589 3 1925 1926
2590 1 1925 1927
2591 4 1924 1925
2592 5 902 904
2593 7 902 905
2594 3 902 908
2596 5 1161 1163
2597 7 1161 1164
2598 3 1161 1167
2599 8 1164 1165
2600 3 1932 1933
2601 1 1932 1934
2602 4 1931 1932
2603 3 1153 1154
2604 1 1153 1155
2605 3 1160 1161
2606 1 1160 1162
2607 3 768 769
2608 1 768 770
2609 3 761 762
2610 1 761 763
2611 9 2944 2945
2613 10 2944 2956
2614 11 2862 2867
2615 10 2862 2868
2616 5 762 764
2617 7 762 765
2618 3 762 768
2619 8 758 759
2620 3 754 755
2621 1 754 756
2622 5 755 757
2623 7 755 758
2624 3 755 761
2625 4 753 754
2626 5 748 750
2627 7 748 751
2628 3 748 754
2629 8 14 15
2630 8 751 752
2631 4 746 747
2632 9 2949 2952
2633 13 2949 2953
2634 13 2949 2954
2636 12 2945 2946
2637 13 2945 2947
2638 13 2945 2948
2640 10 3102 3108
2641 12 3095 3096
2642 13 3095 3097
2643 13 3095 3098
2644 9 3099 3102
2645 13 3099 3103
2646 13 3099 3104
2647 12 3096 3099
2648 13 3096 3100
2649 13 3096 3101
2650 8 574 575
2651 8 842 843
2652 3 971 972
2653 1 971 973
2654 5 825 827
2655 7 825 828
2656 3 825 831
2657 8 828 829
2658 3 831 832
2659 1 831 833
2660 4 837 838
2661 3 838 839
2662 1 838 840
2663 8 835 836
2664 4 830 831
2665 5 832 834
2666 7 832 835
2667 3 832 838
2668 5 972 974
2669 7 972 975
2670 3 972 978
2671 3 894 895
2672 1 894 896
2673 5 1126 1128
2674 7 1126 1129
2675 3 1126 1132
2676 8 1129 1130
2677 8 658 659
2678 4 1124 1125
2679 8 898 899
2680 3 1125 1126
2681 1 1125 1127
2682 3 661 662
2683 1 661 663
2684 5 655 657
2685 7 655 658
2686 3 655 661
2687 9 2914 2915
2689 10 2914 2926
2690 4 653 654
2691 3 654 655
2692 1 654 656
2693 4 660 661
2694 4 646 647
2695 5 648 650
2696 7 648 651
2697 3 648 654
2698 4 1369 1370
2699 8 1374 1375
2700 12 2915 2916
2701 13 2915 2917
2702 13 2915 2918
2703 5 895 897
2704 7 895 898
2705 3 895 901
2706 12 2916 2919
2707 13 2916 2920
2708 13 2916 2921
2709 5 11 13
2710 7 11 14
2711 3 11 17
2712 3 10 11
2713 1 10 12
2714 4 9 10
2715 4 1 2
2716 5 3 6
2717 7 3 7
2718 3 3 10
2719 3 2 3
2720 1 2 4
2721 2 2 5
2722 8 7 8
2723 8 1600 1601
2724 3 1610 1611
2725 1 1610 1612
2726 3 747 748
2727 1 747 749
2728 5 741 743
2729 7 741 744
2730 3 741 747
2731 8 744 745
2732 8 21 22
2733 8 737 738
2734 3 740 741
2735 1 740 742
2736 5 734 736
2737 7 734 737
2738 3 734 740
2739 4 739 740
2740 8 1614 1615
2741 8 567 568
2742 5 564 566
2743 7 564 567
2744 3 564 570
2745 3 584 585
2746 1 584 586
2747 8 581 582
2748 3 570 571
2749 1 570 572
2750 5 571 573
2751 7 571 574
2752 3 571 577
2753 5 578 580
2754 7 578 581
2755 3 578 584
2756 4 569 570
2757 3 733 734
2758 1 733 735
2759 4 732 733
2760 4 576 577
2761 3 577 578
2762 1 577 579
2763 8 730 731
2764 5 727 729
2765 7 727 730
2766 3 727 733
2767 3 726 727
2768 1 726 728
2769 5 720 722
2770 7 720 723
2771 3 720 726
2772 3 719 720
2773 1 719 721
2774 8 723 724
2775 5 606 608
2776 7 606 609
2777 3 606 612
2778 8 975 976
2779 3 626 627
2780 1 626 628
2781 5 986 988
2782 7 986 989
2783 3 986 992
2784 3 978 979
2785 1 978 980
2786 5 979 981
2787 7 979 982
2788 3 979 985
2789 4 977 978
2790 3 985 986
2791 1 985 987
2792 4 984 985
2793 8 982 983
2794 4 625 626
2795 8 716 717
2796 5 613 615
2797 7 613 616
2798 3 613 619
2799 5 713 715
2800 7 713 716
2801 3 713 719
2802 5 620 622
2803 7 620 623
2804 3 620 626
2805 8 616 617
2806 8 609 610
2807 4 1390 1391
2808 5 641 643
2809 7 641 644
2810 3 641 647
2811 3 612 613
2812 1 612 614
2813 4 611 612
2814 3 619 620
2815 1 619 621
2816 3 647 648
2817 1 647 649
2818 8 644 645
2819 8 1395 1396
2820 5 1392 1394
2821 7 1392 1395
2822 3 1392 1398
2823 3 1391 1392
2824 1 1391 1393
2825 8 651 652
2826 4 618 619
2827 5 1385 1387
2828 7 1385 1388
2829 3 1385 1391
2830 8 1388 1389
2831 8 28 29
2832 3 1384 1385
2833 1 1384 1386
2834 4 2787 2788
2835 5 18 20
2836 7 18 21
2837 3 18 24
2838 3 17 18
2839 1 17 19
2840 3 31 32
2841 1 31 33
2842 4 16 17
2843 4 30 31
2844 5 25 27
2845 7 25 28
2846 3 25 31
2847 4 23 24
2848 4 1383 1384
2849 8 1381 1382
2850 5 1378 1380
2851 7 1378 1381
2852 3 1378 1384
2853 3 24 25
2854 1 24 26
2855 4 1376 1377
2856 3 1377 1378
2857 1 1377 1379
2858 3 2781 2782
2859 1 2781 2783
2860 8 2778 2779
2861 3 1876 1877
2862 1 1876 1878
2863 5 2586 2588
2864 7 2586 2589
2865 3 2586 2592
2866 3 2592 2593
2867 1 2592 2594
2868 5 1870 1872
2869 7 1870 1873
2870 3 1870 1876
2871 4 1875 1876
2873 4 1616 1617
2874 4 2591 2592
2875 5 1611 1613
2876 7 1611 1614
2877 3 1611 1617
2878 3 1617 1618
2879 1 1617 1619
2880 4 1623 1624
2881 3 1624 1625
2882 1 1624 1626
2883 8 1621 1622
2884 5 1618 1620
2885 7 1618 1621
2886 3 1618 1624
2887 5 1625 1627
2888 7 1625 1628
2889 3 1625 1631
2890 4 1882 1883
2891 3 2585 2586
2892 1 2585 2587
2893 4 2584 2585
2894 8 1628 1629
2895 5 2579 2581
2896 7 2579 2582
2897 3 2579 2585
2898 5 1632 1634
2899 7 1632 1635
2900 3 1632 1638
2901 8 1635 1636
2902 8 2589 2590
2903 4 711 712
2904 4 725 726
2905 4 718 719
2906 4 2640 2641
2907 3 2641 2642
2908 1 2641 2643
2909 5 2642 2644
2910 7 2642 2645
2911 3 2642 2648
2912 8 2652 2653
2913 8 623 624
2914 3 712 713
2915 1 712 714
2916 8 2659 2660
2917 3 2648 2649
2918 1 2648 2650
2919 5 2649 2651
2920 7 2649 2652
2921 3 2649 2655
2922 4 2647 2648
2923 3 2655 2656
2924 1 2655 2657
2925 4 2654 2655
2926 5 2656 2658
2927 7 2656 2659
2928 3 2656 2662
2929 4 2745 2746
2930 8 1810 1811
2931 4 303 304
2932 4 2759 2760
2933 8 2757 2758
2934 4 2752 2753
2935 3 2760 2761
2936 1 2760 2762
2937 5 2754 2756
2938 7 2754 2757
2939 3 2754 2760
2940 3 2753 2754
2941 1 2753 2755
2942 5 2747 2749
2943 7 2747 2750
2944 3 2747 2753
2945 5 2761 2763
2946 7 2761 2764
2947 3 2761 2767
2949 3 2746 2747
2950 1 2746 2748
2951 8 1866 1867
2952 4 2780 2781
2953 4 2766 2767
2954 4 2773 2774
2955 12 2930 2931
2956 13 2930 2932
2957 13 2930 2933
2960 3 2767 2768
2961 1 2767 2769
2962 9 2929 2930
2964 10 2929 2941
2965 5 2775 2777
2966 7 2775 2778
2967 3 2775 2781
2968 3 2774 2775
2969 1 2774 2776
2970 5 2768 2770
2971 7 2768 2771
2972 3 2768 2774
2973 8 1880 1881
2974 3 1904 1905
2975 1 1904 1906
2976 5 1877 1879
2977 7 1877 1880
2978 3 1877 1883
2979 3 1883 1884
2980 1 1883 1885
2981 5 1898 1900
2982 7 1898 1901
2983 3 1898 1904
2984 3 1897 1898
2985 1 1897 1899
2986 4 1889 1890
2987 5 1884 1886
2988 7 1884 1887
2989 3 1884 1890
2990 8 1894 1895
2991 5 1891 1893
2992 7 1891 1894
2993 3 1891 1897
2994 3 1890 1891
2995 1 1890 1892
2996 4 1896 1897
2997 8 1887 1888
2998 4 2577 2578
2999 8 266 267
3000 3 262 263
3001 1 262 264
3002 3 2578 2579
3003 1 2578 2580
3004 8 1740 1741
3005 4 1903 1904
3006 8 2680 2681
3007 8 343 344
3008 3 2571 2572
3009 1 2571 2573
3010 5 2572 2574
3011 7 2572 2575
3012 3 2572 2578
3013 4 2570 2571
3014 8 2575 2576
3015 8 2673 2674
3016 5 2670 2672
3017 7 2670 2673
3018 3 2670 2676
3019 4 2675 2676
3020 3 2676 2677
3021 1 2676 2678
3022 8 2666 2667
3023 5 2663 2665
3024 7 2663 2666
3025 3 2663 2669
3026 4 2668 2669
3027 3 2669 2670
3028 1 2669 2671
3029 8 1747 1748
3030 4 1749 1750
3031 8 2729 2730
3032 4 2661 2662
3033 3 2662 2663
3034 1 2662 2664
3035 8 2743 2744
3036 5 2726 2728
3037 7 2726 2729
3038 3 2726 2732
3039 4 2738 2739
3040 3 2732 2733
3041 1 2732 2734
3042 4 2731 2732
3043 5 2733 2735
3044 7 2733 2736
3045 3 2733 2739
3046 4 1770 1771
3047 4 2395 2396
3048 8 294 295
3049 3 2739 2740
3050 1 2739 2741
3051 4 1777 1778
3052 8 1775 1776
3053 8 2750 2751
3054 5 2740 2742
3055 7 2740 2743
3056 3 2740 2746
3057 8 2736 2737
3058 8 1150 1151
3059 4 1938 1939
3060 8 1929 1930
3061 8 1157 1158
3062 5 1154 1156
3063 7 1154 1157
3064 3 1154 1160
3065 5 263 265
3066 7 263 266
3067 3 263 269
3068 4 1152 1153
3069 11 3087 3092
3070 10 3087 3093
3071 12 3080 3081
3072 13 3080 3082
3073 13 3080 3083
3074 12 3081 3084
3075 13 3081 3085
3076 13 3081 3086
3077 9 3079 3080
3079 10 3079 3091
3080 4 261 262
3081 4 1159 1160
3082 9 3084 3087
3083 13 3084 3088
3084 13 3084 3089
3085 14 2974 133
3086 15 134 2985
3087 14 2847 1509
3089 14 2847 2554
3090 14 2899 147
3092 14 2899 919
3093 14 2839 448
3094 15 449 2850
3095 14 2854 1241
3097 14 2854 2013
3098 14 2952 2610
3099 15 2611 2957
3100 14 3094 441
3102 14 3094 434
3103 14 2907 2020
3105 14 2907 912
3106 14 2922 2034
3108 14 2922 2806
3109 14 2817 602
3111 14 2817 2048
3112 14 3034 2631
3114 14 3034 2645
3115 14 2959 1290
3117 14 2959 1297
3118 14 3042 1495
3120 14 3042 2547
3121 14 3004 2463
3123 14 3004 1234
3124 14 3012 2120
3126 14 3012 2134
3127 14 2967 1213
3129 14 2967 1516
3130 14 2832 1537
3132 14 2832 1502
3133 14 2809 1402
3135 14 2809 1845
3136 14 3057 406
3138 14 3057 413
3139 14 2869 1824
3141 14 2869 1789
3142 14 2877 140
3144 14 2877 1957
3145 14 3049 84
3147 14 3049 196
3148 14 2824 1467
3150 14 2824 2365
3151 14 3072 371
3153 14 3072 112
3154 14 3064 70
3156 14 3064 210
3157 14 2884 1185
3159 14 2884 1579
3160 14 3019 1418
3162 14 3019 2316
3163 14 2989 1346
3165 14 2989 1677
3166 14 2997 1670
3168 14 2997 1607
3169 14 3027 63
3171 14 3027 287
3172 14 2937 364
3174 14 2937 49
3175 14 2892 1915
3177 14 2892 1922
3178 14 2944 772
3180 14 2944 2694
3181 14 3102 546
3183 14 3102 765
3184 14 2914 672
3186 14 2914 905
3187 14 2929 1873
3189 14 2929 35
3190 14 3079 2764
3192 14 3079 2771
