1915 4.1793
1509 9.90134
2554 10.3261
1495 15.1364
2715 12.846
2708 13.6572
679 14.689
926 10.1687
672 10.6888
1936 8.0197
147 8.47173
919 7.88947
1241 6.62055
441 8.78239
434 11.4565
448 5.30818
961 14.4169
954 13.3465
2701 11.7464
968 14.9539
2034 11.357
665 12.4235
2020 7.61327
2013 6.78856
912 7.46245
2610 7.39692
1255 9.83975
1248 8.26581
2603 8.53905
2792 9.80674
2617 10.0131
2624 12.4728
588 11.2765
595 14.4206
427 14.0688
602 18.0854
2638 15.462
2048 16.2967
1402 13.6103
1845 15.1636
2806 9.8257
2799 11.3477
2596 13.2692
1269 14.2994
1276 15.8776
2582 15.7627
2631 15.7907
1719 16.3259
1733 16.6342
2645 19.6154
1817 20.2945
1824 18.9047
1796 14.2656
1803 15.6167
1789 18.1023
2785 11.2707
1852 13.3609
1859 13.8447
1283 13.4406
1290 10.914
2568 12.8079
1726 16.2081
2561 11.3328
2547 13.7832
2540 13.8872
1754 15.8941
1761 18.096
700 11.9247
693 14.5785
1768 15.7692
140 11.3032
1957 11.8353
1943 9.82369
1950 13.5484
1782 14.2302
1213 12.0602
2463 12.7036
1516 9.0195
1537 15.0737
1502 13.9354
497 15.5756
1488 17.7483
933 13.1765
2239 15.165
2246 15.9321
175 12.7596
168 15.557
154 11.2598
161 14.6895
2120 12.6069
455 8.66628
1234 7.60009
1227 11.4593
1220 11.77
1523 10.6592
476 11.9727
483 13.8989
947 16.6058
490 15.7759
2055 17.4795
2225 16.4435
2027 11.3771
940 13.7757
2041 14.6042
2232 14.881
2148 14.8866
2141 15.1275
2134 12.1349
2295 12.5976
2006 10.9724
1705 12.1463
462 10.7526
1038 13.6013
1691 15.4698
420 13.698
469 13.1687
2076 15.9387
2062 18.2755
2069 17.9032
2176 19.7075
2155 15.4486
2169 17.8206
1262 11.9554
1999 12.6881
1992 14.749
1311 15.8512
1318 16.0193
1698 14.5985
1712 15.5641
1304 15.9015
406 18.8068
413 17.8433
2183 21.3511
1838 16.6207
1831 20.3739
84 21.5419
196 20.3663
1971 17.1741
91 19.1984
1978 17.2814
1985 16.5622
105 19.1972
133 11.4525
2456 12.9684
126 13.5656
1297 11.6613
119 16.5028
2526 18.5814
2533 16.6468
2449 16.8354
182 16.0221
1481 16.5138
189 19.5538
203 18.1292
1964 13.7039
1206 14.3334
1199 14.3549
2113 15.3399
1192 14.1472
1544 17.7291
1551 15.2071
504 19.6583
511 17.3004
518 19.512
1453 20.7989
1474 19.8854
1446 20.439
1460 20.0118
2253 16.8388
217 18.7429
224 16.9042
2260 14.1975
1059 13.8545
1052 14.3931
2281 12.6139
2288 15.1355
1066 13.962
1530 15.0467
1073 15.3886
1017 16.6367
1031 15.1128
1080 15.3949
2218 19.6862
1087 17.7742
1094 19.2412
1439 20.0523
1432 17.5191
1425 17.127
1101 20.7669
2127 14.9446
2302 16.7132
1332 15.3698
1045 15.1027
1346 15.6911
1024 18.0211
2090 19.2945
2204 20.7799
2197 22.3714
2083 20.198
2211 18.9982
2162 17.4085
2330 22.6197
1418 17.6155
2323 20.7808
1353 15.0757
1339 18.0004
2309 16.1222
2316 18.1445
1325 18.7544
1677 18.105
1684 19.0257
371 20.4899
392 19.1443
399 19.7135
2505 22.0106
2519 22.4314
2512 23.8892
2190 22.4004
77 22.8753
70 22.4021
98 20.8172
2470 16.5242
378 19.3243
2477 16.6119
2498 19.6644
385 20.2337
2435 17.9674
2442 18.8798
2358 23.1616
2428 19.621
1467 21.0073
2365 23.8932
2379 18.7465
210 20.5717
112 18.288
245 12.5488
252 9.98468
1565 9.52649
1572 11.4847
532 14.9384
1558 12.7433
539 10.9832
786 11.898
525 16.3095
814 12.9579
807 16.3669
863 18.5275
870 16.0132
2407 18.2369
877 15.2174
2393 14.6106
1171 12.5613
1178 10.6661
1185 10.4188
1586 8.02201
1579 9.86128
553 12.8182
546 9.76171
856 18.2613
849 16.3912
1122 16.3008
1115 16.2719
884 14.2117
1411 15.4055
2267 15.1256
891 9.91581
2274 11.5326
1367 9.57646
1593 11.9747
1670 14.982
1607 12.9737
1663 14.7543
560 10.2858
1010 19.9693
1656 15.5918
1649 13.4956
996 14.6361
1003 17.6299
989 16.2702
1108 17.818
637 17.8312
630 19.1285
42 13.6172
1360 13.3864
364 17.8395
1642 16.1593
2097 18.6645
709 14.9099
2104 19.673
322 19.293
2351 22.2559
308 21.365
2344 24.2538
2337 20.3381
301 21.0119
63 20.178
56 19.5078
287 17.5969
49 16.7548
357 14.7064
350 13.3454
2484 14.3666
329 18.003
2491 17.1377
793 13.7221
800 15.531
336 17.267
2414 20.4014
315 21.4837
2421 19.7767
2372 21.078
2400 17.9392
2386 15.6247
280 17.4443
238 15.6974
231 14.5109
273 15.1043
1922 5.74841
1901 9.06747
1908 7.36995
772 6.19084
779 9.67599
2694 8.34933
2687 8.17837
821 15.3145
2722 14.0814
686 15.1826
1136 14.9151
1143 15.0197
259 8.76483
905 6.62185
1164 9.12919
758 5.55824
14 4.93449
751 4.53676
765 6.6519
574 12.1416
842 12.8778
828 13.3003
835 13.1586
1129 13.0236
658 14.1902
898 10.7799
1374 10.641
7 5.87401
1600 9.32814
744 7.52652
21 8.50723
737 9.56275
1614 11.7828
567 8.99974
581 10.8257
730 11.8342
723 14.7103
975 15.4736
982 16.1158
716 15.959
616 17.0396
609 15.6659
644 14.7643
1395 13.1791
651 14.2795
1388 13.7279
28 9.50414
1381 12.3776
2778 12.962
1873 14.8811
1621 14.3064
1628 15.5724
1635 16.508
2589 13.8384
2652 19.9851
623 17.9064
2659 17.1196
1810 19.8639
2757 17.6412
2764 17.3664
1866 14.2607
35 13.395
2771 15.9216
1880 11.7254
1894 8.59871
1887 11.5468
266 12.9986
1740 14.4096
2680 11.3855
343 13.076
2575 13.1929
2673 13.1865
2666 14.4056
1747 14.4127
2729 15.5238
2743 20.5675
294 19.1686
1775 14.9622
2750 18.3318
2736 17.5711
1150 13.9928
1929 7.46005
1157 13.5137
