2974 133
2847 1509
2847 2554
2899 147
2899 919
2839 448
2854 1241
2854 2013
2952 2610
3094 441
3094 434
2907 2020
2907 912
2922 2034
2922 2806
2817 602
2817 2048
3034 2631
3034 2645
2959 1290
2959 1297
3042 1495
3042 2547
3004 2463
3004 1234
3012 2120
3012 2134
2967 1213
2967 1516
2832 1537
2832 1502
2809 1402
2809 1845
3057 406
3057 413
2869 1824
2869 1789
2877 140
2877 1957
3049 84
3049 196
2824 1467
2824 2365
3072 371
3072 112
3064 70
3064 210
2884 1185
2884 1579
3019 1418
3019 2316
2989 1346
2989 1677
2997 1670
2997 1607
3027 63
3027 287
2937 364
2937 49
2892 1915
2892 1922
2944 772
2944 2694
3102 546
3102 765
2914 672
2914 905
2929 1873
2929 35
3079 2764
3079 2771