1 5 986 988
2 7 986 989
3 3 986 992
4 3 985 986
5 1 985 987
6 3 992 993
7 1 992 994
8 4 991 992
9 5 993 995
10 7 993 996
11 3 993 999
12 8 989 990
13 4 984 985
14 5 979 981
15 7 979 982
16 3 979 985
17 8 2197 2198
18 3 978 979
19 1 978 980
20 8 982 983
21 9 3009 3012
22 13 3009 3013
23 13 3009 3014
25 4 956 957
26 3 964 965
27 1 964 966
28 5 965 967
29 7 965 968
30 3 965 971
31 5 958 960
32 7 958 961
33 3 958 964
34 3 957 958
35 1 957 959
36 8 961 962
37 8 968 969
38 8 1936 1937
39 5 972 974
40 7 972 975
41 3 972 978
42 3 971 972
43 1 971 973
44 4 963 964
45 8 1929 1930
46 5 1926 1928
47 7 1926 1929
48 3 1926 1932
49 4 970 971
50 4 681 682
51 3 682 683
52 1 682 684
54 4 1714 1715
55 9 2884 2885
57 10 2884 2896
58 3 1715 1716
59 1 1715 1717
60 3 1925 1926
61 1 1925 1927
62 4 1924 1925
63 5 1919 1921
64 7 1919 1922
65 3 1919 1925
66 4 688 689
67 4 900 901
68 8 1719 1720
69 5 1716 1718
70 7 1716 1719
71 3 1716 1722
72 4 1721 1722
73 3 1722 1723
74 1 1722 1724
75 4 1728 1729
76 5 1723 1725
77 7 1723 1726
78 3 1723 1729
79 8 1726 1727
80 8 203 204
81 5 1730 1732
82 7 1730 1733
83 3 1730 1736
84 3 1729 1730
85 1 1729 1731
86 8 1733 1734
87 5 200 202
88 7 200 203
89 3 200 206
90 3 1736 1737
91 1 1736 1738
92 4 1735 1736
93 5 1737 1739
94 7 1737 1740
95 3 1737 1743
96 5 1758 1760
97 7 1758 1761
98 3 1758 1764
99 8 217 218
101 3 1757 1758
102 1 1757 1759
103 5 1751 1753
104 7 1751 1754
105 3 1751 1757
106 4 1756 1757
107 5 207 209
108 7 207 210
109 3 207 213
110 4 205 206
111 4 212 213
112 3 999 1000
113 1 999 1001
114 4 998 999
115 3 1953 1954
116 1 1953 1955
117 5 1954 1956
118 7 1954 1957
119 3 1954 1960
120 5 1947 1949
121 7 1947 1950
122 3 1947 1953
123 4 1952 1953
124 8 1957 1958
125 8 1003 1004
126 4 1959 1960
127 3 1960 1961
128 1 1960 1962
129 8 1950 1951
130 4 2129 2130
131 4 2136 2137
132 4 1931 1932
133 3 1946 1947
134 1 1946 1948
135 4 1945 1946
136 8 1943 1944
137 5 1940 1942
138 7 1940 1943
139 3 1940 1946
140 5 1933 1935
141 7 1933 1936
142 3 1933 1939
143 3 1939 1940
144 1 1939 1941
145 4 1938 1939
146 3 1932 1933
147 1 1932 1934
148 8 637 638
149 5 923 925
150 7 923 926
151 3 923 929
152 3 929 930
153 1 929 931
154 4 935 936
155 3 936 937
156 1 936 938
157 5 634 636
158 7 634 637
159 3 634 640
160 4 928 929
161 5 930 932
162 7 930 933
163 3 930 936
164 4 921 922
165 8 644 645
166 3 922 923
167 1 922 924
168 8 1915 1916
169 3 1918 1919
170 1 1918 1920
171 8 919 920
172 4 907 908
173 5 916 918
174 7 916 919
175 3 916 922
176 4 914 915
177 3 915 916
178 1 915 917
179 4 1917 1918
180 5 1912 1914
181 7 1912 1915
182 3 1912 1918
183 8 926 927
184 3 908 909
185 1 908 910
186 5 909 911
187 7 909 912
188 3 909 915
189 8 912 913
190 5 902 904
191 7 902 905
192 3 902 908
193 3 199 200
194 1 199 201
195 8 196 197
196 5 193 195
197 7 193 196
198 3 193 199
199 8 905 906
200 4 198 199
201 4 191 192
202 3 192 193
203 1 192 194
204 5 186 188
205 7 186 189
206 3 186 192
207 3 185 186
208 1 185 187
209 4 184 185
210 5 242 244
211 7 242 245
212 3 242 248
213 3 241 242
214 1 241 243
215 4 240 241
216 5 235 237
217 7 235 238
218 3 235 241
219 3 901 902
220 1 901 903
221 8 238 239
222 3 206 207
223 1 206 208
224 8 210 211
225 4 219 220
226 8 224 225
227 3 213 214
228 1 213 215
229 5 214 216
230 7 214 217
231 3 214 220
232 3 220 221
233 1 220 222
234 5 221 223
235 7 221 224
236 3 221 227
237 4 226 227
238 3 227 228
239 1 227 229
240 5 228 230
241 7 228 231
242 3 228 234
243 3 234 235
244 1 234 236
245 4 233 234
246 5 1189 1191
247 7 1189 1192
248 3 1189 1195
249 8 1192 1193
250 4 1187 1188
251 3 1188 1189
252 1 1188 1190
253 8 1964 1965
254 5 1961 1963
255 7 1961 1964
256 3 1961 1967
257 5 1968 1970
258 7 1968 1971
259 3 1968 1974
260 3 1967 1968
261 1 1967 1969
262 5 452 454
263 7 452 455
264 3 452 458
265 4 1966 1967
266 8 1971 1972
267 4 2143 2144
268 5 459 461
269 7 459 462
270 3 459 465
271 3 2144 2145
272 1 2144 2146
273 8 455 456
274 8 448 449
275 3 451 452
276 1 451 453
277 3 458 459
278 1 458 460
279 4 450 451
280 4 457 458
281 3 626 627
282 1 626 628
283 4 625 626
284 4 632 633
285 3 633 634
286 1 633 635
287 5 627 629
288 7 627 630
289 3 627 633
290 5 620 622
291 7 620 623
292 3 620 626
293 8 630 631
294 8 623 624
295 3 619 620
296 1 619 621
297 4 275 276
299 3 276 277
300 1 276 278
301 5 270 272
302 7 270 273
303 3 270 276
304 4 268 269
305 3 269 270
306 1 269 271
308 5 2299 2301
309 7 2299 2302
310 3 2299 2305
311 5 263 265
312 7 263 266
313 3 263 269
314 4 261 262
315 3 262 263
316 1 262 264
317 9 3019 3020
318 16 3019 3030
319 10 3019 3031
320 8 266 267
321 4 177 178
322 12 2810 2811
323 13 2810 2812
324 13 2810 2813
325 9 2809 2810
326 16 2809 2820
327 10 2809 2821
328 4 1201 1202
329 4 1208 1209
330 3 1202 1203
331 1 1202 1204
332 4 1194 1195
333 3 1209 1210
334 1 1209 1211
335 5 256 258
336 7 256 259
337 3 256 262
338 11 2817 2822
339 10 2817 2823
340 4 2150 2151
341 3 2151 2152
342 1 2151 2153
343 5 2145 2147
344 7 2145 2148
345 3 2145 2151
346 3 1195 1196
347 1 1195 1197
348 12 2975 2976
349 13 2975 2977
350 13 2975 2978
351 12 2976 2979
352 13 2976 2980
353 13 2976 2981
354 8 2141 2142
355 5 1203 1205
356 7 1203 1206
357 3 1203 1209
358 5 1196 1198
359 7 1196 1199
360 3 1196 1202
361 11 2982 2987
362 10 2982 2988
363 8 2155 2156
364 5 2152 2154
365 7 2152 2155
366 3 2152 2158
367 5 2138 2140
368 7 2138 2141
369 3 2138 2144
370 5 1982 1984
371 7 1982 1985
372 3 1982 1988
373 5 1989 1991
374 7 1989 1992
375 3 1989 1995
376 3 1988 1989
377 1 1988 1990
378 8 1992 1993
379 3 1995 1996
380 1 1995 1997
381 4 464 465
382 5 1996 1998
383 7 1996 1999
384 3 1996 2002
385 8 1999 2000
386 4 1994 1995
387 3 2002 2003
388 1 2002 2004
389 3 465 466
390 1 465 467
391 8 469 470
392 5 466 468
393 7 466 469
394 3 466 472
395 4 471 472
396 4 1987 1988
397 8 1985 1986
398 5 2003 2005
399 7 2003 2006
400 3 2003 2009
401 4 2008 2009
402 4 2157 2158
403 4 2164 2165
404 3 2158 2159
405 1 2158 2160
406 8 105 106
407 4 618 619
408 8 112 113
409 5 109 111
410 7 109 112
411 3 109 115
412 3 115 116
413 1 115 117
414 4 107 108
415 5 102 104
416 7 102 105
417 3 102 108
418 3 108 109
419 1 108 110
420 5 613 615
421 7 613 616
422 3 613 619
423 4 611 612
424 3 612 613
425 1 612 614
426 4 114 115
427 3 2305 2306
428 1 2305 2307
429 4 2304 2305
430 3 2298 2299
431 1 2298 2300
432 5 2292 2294
433 7 2292 2295
434 3 2292 2298
435 8 2295 2296
436 3 136 137
437 1 136 138
438 4 135 136
439 4 2297 2298
440 5 137 139
441 7 137 140
442 3 137 143
443 3 2291 2292
444 1 2291 2293
445 4 2290 2291
446 5 2285 2287
447 7 2285 2288
448 3 2285 2291
449 8 2288 2289
450 3 129 130
451 1 129 131
452 4 128 129
453 5 130 132
454 7 130 133
455 3 130 136
456 8 2309 2310
457 4 2794 2795
458 4 142 143
459 3 143 144
460 1 143 145
461 12 2811 2814
462 13 2811 2815
463 13 2811 2816
464 9 2814 2817
465 13 2814 2818
466 13 2814 2819
467 8 1234 1235
468 5 144 146
469 7 144 147
470 3 144 150
471 4 149 150
472 3 150 151
473 1 150 152
474 8 147 148
475 8 28 29
476 5 1231 1233
477 7 1231 1234
478 3 1231 1237
479 8 2792 2793
480 8 1213 1214
481 4 1215 1216
482 8 1220 1221
483 3 1216 1217
484 1 1216 1218
485 5 1224 1226
486 7 1224 1227
487 3 1224 1230
488 3 1223 1224
489 1 1223 1225
490 5 1217 1219
491 7 1217 1220
492 3 1217 1223
493 4 1222 1223
494 5 1210 1212
495 7 1210 1213
496 3 1210 1216
497 8 1227 1228
498 3 1230 1231
499 1 1230 1232
500 4 1229 1230
501 8 2169 2170
502 5 2159 2161
503 7 2159 2162
504 3 2159 2165
505 8 2204 2205
506 4 2199 2200
507 8 2211 2212
508 3 2200 2201
509 1 2200 2202
510 5 2201 2203
511 7 2201 2204
512 3 2201 2207
513 5 2208 2210
514 7 2208 2211
515 3 2208 2214
516 4 2206 2207
517 4 2001 2002
518 3 2207 2208
519 1 2207 2209
520 3 2009 2010
521 1 2009 2011
522 8 49 50
523 5 53 55
524 7 53 56
525 3 53 59
526 4 51 52
527 3 2214 2215
528 1 2214 2216
529 4 2213 2214
530 3 52 53
531 1 52 54
532 4 2220 2221
533 4 58 59
534 5 116 118
535 7 116 119
536 3 116 122
537 8 119 120
538 5 2010 2012
539 7 2010 2013
540 3 2010 2016
541 5 2215 2217
542 7 2215 2218
543 3 2215 2221
544 8 2013 2014
545 8 2006 2007
546 3 122 123
547 1 122 124
548 4 121 122
549 8 2218 2219
550 6 697 701
551 5 697 699
552 7 697 700
553 3 2221 2222
554 1 2221 2223
555 4 695 696
556 3 696 697
557 1 696 698
558 5 690 692
559 7 690 693
560 3 690 696
561 3 689 690
562 1 689 691
563 5 123 125
564 7 123 126
565 3 123 129
566 8 140 141
567 5 683 685
568 7 683 686
569 3 683 689
570 8 126 127
571 8 133 134
572 8 693 694
573 4 1257 1258
575 8 1255 1256
576 3 1258 1259
577 1 1258 1260
578 8 2799 2800
579 8 1262 1263
580 5 2796 2798
581 7 2796 2799
582 3 2796 2802
583 5 1252 1254
584 7 1252 1255
585 3 1252 1258
586 4 1 2
587 8 2806 2808
588 8 1248 1249
589 5 1238 1240
590 7 1238 1241
591 3 1238 1244
592 4 1250 1251
593 5 1245 1247
594 7 1245 1248
595 3 1245 1251
596 3 1251 1252
597 1 1251 1253
598 4 1243 1244
599 3 1244 1245
600 1 1244 1246
601 3 1237 1238
602 1 1237 1239
603 4 1236 1237
604 8 1241 1242
605 3 1743 1744
606 1 1743 1745
607 4 1742 1743
608 5 46 48
609 7 46 49
610 3 46 52
611 8 56 57
612 5 1744 1746
613 7 1744 1747
614 3 1744 1750
615 8 1754 1755
616 3 1750 1751
617 1 1750 1752
618 4 1749 1750
619 3 45 46
620 1 45 47
621 5 39 41
622 7 39 42
623 3 39 45
624 8 42 43
625 4 44 45
626 8 1747 1748
627 3 38 39
628 1 38 40
629 4 37 38
630 4 977 978
631 8 2041 2042
632 5 2038 2040
633 7 2038 2041
634 3 2038 2044
635 3 2037 2038
636 1 2037 2039
637 8 2113 2114
638 3 2108 2109
639 1 2108 2110
640 2 2108 2111
641 4 2107 2108
642 5 2031 2033
643 7 2031 2034
644 3 2031 2037
645 8 2034 2035
646 5 2109 2112
647 7 2109 2113
648 3 2109 2116
649 4 2115 2116
650 3 2116 2117
651 1 2116 2118
652 5 2117 2119
653 7 2117 2120
654 3 2117 2123
655 8 420 421
656 8 975 976
657 8 672 673
658 5 669 671
659 7 669 672
660 3 669 675
661 8 665 666
662 5 662 664
663 7 662 665
664 3 662 668
665 4 667 668
666 3 668 669
667 1 668 670
668 3 675 676
669 1 675 677
670 3 661 662
671 1 661 663
672 5 417 419
673 7 417 420
674 3 417 423
675 4 660 661
676 5 676 678
677 7 676 679
678 3 676 682
679 4 674 675
680 8 1705 1706
681 5 1702 1704
682 7 1702 1705
683 3 1702 1708
684 3 1701 1702
685 1 1701 1703
686 3 1708 1709
687 1 1708 1710
688 4 1707 1708
689 5 1709 1711
690 7 1709 1712
691 3 1709 1715
692 4 1700 1701
693 5 1695 1697
694 7 1695 1698
695 3 1695 1701
696 8 1698 1699
697 8 1712 1713
698 5 1779 1781
699 7 1779 1782
700 3 1779 1785
701 8 1782 1783
702 3 1785 1786
703 1 1785 1787
704 9 2914 2915
705 11 2914 2925
706 10 2914 2926
707 8 1796 1797
708 5 1793 1795
709 7 1793 1796
710 3 1793 1799
711 12 2915 2916
712 13 2915 2917
713 13 2915 2918
714 4 1777 1778
715 3 1778 1779
716 1 1778 1780
717 8 7 8
718 8 1775 1776
719 3 1764 1765
720 1 1764 1766
721 4 1763 1764
722 5 1772 1774
723 7 1772 1775
724 3 1772 1778
725 4 1770 1771
726 3 1771 1772
727 1 1771 1773
728 8 1164 1165
729 8 1768 1769
730 5 1765 1767
731 7 1765 1768
732 3 1765 1771
733 5 1161 1163
734 7 1161 1164
735 3 1161 1167
736 4 2122 2123
737 3 2130 2131
738 1 2130 2132
739 3 423 424
740 1 423 425
741 4 422 423
742 3 430 431
743 1 430 432
744 3 2123 2124
745 1 2123 2125
746 4 429 430
747 5 2131 2133
748 7 2131 2134
749 3 2131 2137
750 3 437 438
751 1 437 439
752 4 436 437
753 4 1630 1631
754 8 2134 2135
755 3 2137 2138
756 1 2137 2139
757 4 1644 1645
758 3 1631 1632
759 1 1631 1633
760 5 424 426
761 7 424 427
762 3 424 430
763 8 427 428
764 5 431 433
765 7 431 434
766 3 431 437
767 3 640 641
768 1 640 642
769 5 641 643
770 7 641 644
771 3 641 647
772 5 655 657
773 7 655 658
774 3 655 661
775 8 651 652
776 4 653 654
777 5 648 650
778 7 648 651
779 3 648 654
780 3 654 655
781 1 654 656
782 8 434 435
783 3 647 648
784 1 647 649
785 4 646 647
786 4 639 640
787 8 280 281
788 8 658 659
789 4 1910 1911
790 3 1911 1912
791 1 1911 1913
792 5 1905 1907
793 7 1905 1908
794 3 1905 1911
795 4 1903 1904
796 3 1904 1905
797 1 1904 1906
798 5 1898 1900
799 7 1898 1901
800 3 1898 1904
801 4 1896 1897
802 3 1897 1898
803 1 1897 1899
804 8 1901 1902
805 8 287 288
806 8 1908 1909
807 8 189 190
808 8 182 183
809 5 1786 1788
810 7 1786 1789
811 3 1786 1792
812 4 1784 1785
813 8 1789 1790
814 5 179 181
815 7 179 182
816 3 179 185
817 3 1792 1793
818 1 1792 1794
819 4 1791 1792
820 11 2847 2852
821 10 2847 2853
822 9 2844 2847
823 13 2844 2848
824 13 2844 2849
825 12 2841 2844
826 13 2841 2845
827 13 2841 2846
828 8 2127 2128
829 3 1167 1168
830 1 1167 1169
831 5 2124 2126
832 7 2124 2127
833 3 2124 2130
834 8 2120 2121
835 8 1635 1636
836 5 1182 1184
837 7 1182 1185
838 3 1182 1188
839 4 1180 1181
840 8 1185 1186
841 3 1181 1182
842 1 1181 1183
843 8 1178 1179
844 8 1171 1172
845 5 1168 1170
846 7 1168 1171
847 3 1168 1174
848 4 1173 1174
849 3 1174 1175
850 1 1174 1176
851 5 1175 1177
852 7 1175 1178
853 3 1175 1181
854 4 2703 2704
855 4 2710 2711
856 3 2704 2705
857 1 2704 2706
858 5 445 447
859 7 445 448
860 3 445 451
861 5 438 440
862 7 438 441
863 3 438 444
864 8 462 463
865 8 1649 1650
866 3 444 445
867 1 444 446
868 4 1651 1652
869 6 2101 2105
870 5 2101 2103
871 7 2101 2104
872 8 2512 2513
873 5 2094 2096
874 7 2094 2097
875 3 2094 2100
876 8 2104 2106
877 3 2100 2101
878 1 2100 2102
879 4 443 444
880 5 2509 2511
881 7 2509 2512
882 3 2509 2515
883 8 2097 2098
884 8 441 442
885 8 616 617
886 8 2498 2499
887 3 2501 2502
888 1 2501 2503
889 8 2505 2506
890 3 2508 2509
891 1 2508 2510
892 5 2502 2504
893 7 2502 2505
894 3 2502 2508
895 4 2507 2508
896 4 2500 2501
897 5 2495 2497
898 7 2495 2498
899 3 2495 2501
900 3 2494 2495
901 1 2494 2496
902 4 2493 2494
903 8 2491 2492
904 5 2488 2490
905 7 2488 2491
906 3 2488 2494
907 5 277 279
908 7 277 280
909 3 277 283
910 4 289 290
911 4 282 283
912 3 283 284
913 1 283 285
914 5 284 286
915 7 284 287
916 3 284 290
917 8 2316 2317
918 5 2313 2315
919 7 2313 2316
920 3 2313 2319
921 3 290 291
922 1 290 292
923 3 2326 2327
924 1 2326 2328
925 3 2319 2320
926 1 2319 2321
927 5 291 293
928 7 291 294
929 3 291 297
930 8 294 295
931 4 2486 2487
932 4 170 171
933 8 1206 1207
934 3 178 179
935 1 178 180
936 3 171 172
937 1 171 173
938 5 172 174
939 7 172 175
940 3 172 178
941 8 175 176
942 5 165 167
943 7 165 168
944 3 165 171
945 3 164 165
946 1 164 166
947 8 168 169
948 8 2687 2688
949 4 2689 2690
950 5 2684 2686
951 7 2684 2687
952 3 2684 2690
953 8 2148 2149
954 8 1199 1200
955 3 2690 2691
956 1 2690 2692
957 8 2701 2702
958 5 2698 2700
959 7 2698 2701
960 3 2698 2704
961 4 2696 2697
962 3 2697 2698
963 1 2697 2699
964 8 2694 2695
965 5 2691 2693
966 7 2691 2694
967 3 2691 2697
968 4 2099 2100
969 4 2682 2683
970 3 2515 2516
971 1 2515 2517
972 4 2514 2515
973 4 478 479
974 3 479 480
975 1 479 481
976 5 480 482
977 7 480 483
978 3 480 486
979 8 483 484
980 5 473 475
981 7 473 476
982 3 473 479
983 3 472 473
984 1 472 474
985 8 476 477
986 3 2165 2166
987 1 2165 2167
988 5 2087 2089
989 7 2087 2090
990 3 2087 2093
991 4 2171 2172
992 3 2172 2173
993 1 2172 2174
994 8 2083 2084
995 3 486 487
996 1 486 488
997 5 606 608
998 7 606 609
999 3 606 612
1000 5 599 601
1001 7 599 602
1002 3 599 605
1003 3 598 599
1004 1 598 600
1005 5 592 594
1006 7 592 595
1007 3 592 598
1008 4 597 598
1009 8 595 596
1010 8 602 603
1011 3 605 606
1012 1 605 607
1013 3 591 592
1014 1 591 593
1015 4 604 605
1016 8 609 610
1017 3 2312 2313
1018 1 2312 2314
1019 4 2311 2312
1020 4 2318 2319
1021 5 2306 2308
1022 7 2306 2309
1023 3 2306 2312
1024 5 2320 2322
1025 7 2320 2323
1026 3 2320 2326
1027 8 2323 2324
1028 5 564 566
1029 7 564 567
1030 3 564 570
1031 5 557 559
1032 7 557 560
1033 3 557 563
1034 8 560 561
1035 5 571 573
1036 7 571 574
1037 3 571 577
1038 8 574 575
1039 8 567 568
1040 3 570 571
1041 1 570 572
1042 3 556 557
1043 1 556 558
1044 8 154 155
1045 4 163 164
1046 4 2591 2592
1047 4 2584 2585
1048 5 151 153
1049 7 151 154
1050 3 151 157
1051 3 157 158
1052 1 157 159
1053 5 158 160
1054 7 158 161
1055 3 158 164
1056 8 161 162
1057 4 156 157
1058 8 2589 2590
1059 3 2592 2593
1060 1 2592 2594
1061 5 2593 2595
1062 7 2593 2596
1063 3 2593 2599
1064 8 553 554
1065 5 550 552
1066 7 550 553
1067 3 550 556
1068 5 2586 2588
1069 7 2586 2589
1070 3 2586 2592
1071 4 23 24
1072 8 2596 2597
1073 4 555 556
1074 5 2166 2168
1075 7 2166 2169
1076 3 2166 2172
1077 3 2093 2094
1078 1 2093 2095
1079 4 2598 2599
1080 3 2599 2600
1081 1 2599 2601
1082 8 2090 2091
1083 8 2162 2163
1084 8 2603 2604
1085 5 2600 2602
1086 7 2600 2603
1087 3 2600 2606
1088 4 2605 2606
1089 3 2606 2607
1090 1 2606 2608
1091 5 2607 2609
1092 7 2607 2610
1093 3 2607 2613
1094 3 2613 2614
1095 1 2613 2615
1096 4 2092 2093
1097 5 2194 2196
1098 7 2194 2197
1099 3 2194 2200
1100 8 2190 2191
1101 4 2036 2037
1102 3 2193 2194
1103 1 2193 2195
1104 5 2187 2189
1105 7 2187 2190
1106 3 2187 2193
1107 4 485 486
1108 4 2178 2179
1109 5 2180 2182
1110 7 2180 2183
1111 3 2180 2186
1112 8 2183 2184
1113 3 2186 2187
1114 1 2186 2188
1115 4 2015 2016
1116 3 2179 2180
1117 1 2179 2181
1118 5 487 489
1119 7 487 490
1120 3 487 493
1121 4 492 493
1122 4 2185 2186
1123 5 2173 2175
1124 7 2173 2176
1125 3 2173 2179
1126 8 2048 2049
1127 3 493 494
1128 1 493 495
1129 8 2020 2021
1130 3 2030 2031
1131 1 2030 2032
1132 4 2029 2030
1133 4 2022 2023
1134 3 2016 2017
1135 1 2016 2018
1136 3 2023 2024
1137 1 2023 2025
1138 5 2017 2019
1139 7 2017 2020
1140 3 2017 2023
1141 5 2024 2026
1142 7 2024 2027
1143 3 2024 2030
1144 8 2027 2028
1145 9 2859 2862
1146 13 2859 2863
1147 13 2859 2864
1148 11 2862 2867
1149 10 2862 2868
1150 12 2855 2856
1151 13 2855 2857
1152 13 2855 2858
1153 12 2856 2859
1154 13 2856 2860
1155 13 2856 2861
1156 8 679 680
1157 4 562 563
1158 3 563 564
1159 1 563 565
1160 5 1259 1261
1161 7 1259 1262
1162 3 1259 1265
1163 4 1264 1265
1164 3 1265 1266
1165 1 1265 1267
1166 8 1269 1270
1167 5 1266 1268
1168 7 1266 1269
1169 3 1266 1272
1170 3 1272 1273
1171 1 1272 1274
1172 5 1273 1275
1173 7 1273 1276
1174 3 1273 1279
1175 4 1271 1272
1176 4 1278 1279
1178 4 569 570
1179 8 21 22
1180 3 24 25
1181 1 24 26
1182 3 2 3
1183 1 2 4
1184 2 2 5
1185 5 18 20
1186 7 18 21
1187 3 18 24
1188 3 17 18
1189 1 17 19
1190 4 16 17
1191 5 11 13
1192 7 11 14
1193 3 11 17
1194 5 3 6
1195 7 3 7
1196 3 3 10
1197 4 9 10
1198 3 10 11
1199 1 10 12
1201 5 25 27
1202 7 25 28
1203 3 25 31
1204 3 549 550
1205 1 549 551
1206 5 32 34
1207 7 32 35
1208 3 32 38
1209 8 2610 2611
1210 3 31 32
1211 1 31 33
1212 8 35 36
1213 4 2192 2193
1214 5 2614 2616
1215 7 2614 2617
1216 3 2614 2620
1217 8 2176 2177
1218 4 30 31
1220 9 2929 2930
1221 16 2929 2940
1222 10 2929 2941
1223 12 2930 2931
1224 13 2930 2932
1225 13 2930 2933
1226 12 2931 2934
1227 13 2931 2935
1228 13 2931 2936
1229 3 2044 2045
1230 1 2044 2046
1231 4 2043 2044
1232 4 2050 2051
1233 5 2045 2047
1234 7 2045 2048
1235 3 2045 2051
1236 3 2051 2052
1237 1 2051 2053
1238 8 1621 1622
1239 4 1490 1491
1240 3 1617 1618
1241 1 1617 1619
1242 5 1618 1620
1243 7 1618 1621
1244 3 1618 1624
1245 5 1611 1613
1246 7 1611 1614
1247 3 1611 1617
1249 3 1491 1492
1250 1 1491 1493
1251 4 1623 1624
1252 4 1616 1617
1253 4 415 416
1254 8 1628 1629
1255 3 1610 1611
1256 1 1610 1612
1257 4 1609 1610
1258 3 416 417
1259 1 416 418
1260 5 410 412
1261 7 410 413
1262 3 410 416
1263 8 413 414
1264 8 406 407
1265 3 409 410
1266 1 409 411
1267 4 408 409
1268 5 403 405
1269 7 403 406
1270 3 403 409
1271 8 399 400
1272 5 396 398
1273 7 396 399
1274 3 396 402
1275 3 402 403
1276 1 402 404
1277 3 395 396
1278 1 395 397
1279 4 394 395
1280 4 401 402
1281 5 389 391
1282 7 389 392
1283 3 389 395
1284 5 1485 1487
1285 7 1485 1488
1286 3 1485 1491
1287 8 1488 1489
1288 4 387 388
1289 4 1693 1694
1290 3 1694 1695
1291 1 1694 1696
1292 5 1688 1690
1293 7 1688 1691
1294 3 1688 1694
1295 8 1691 1692
1296 3 1687 1688
1297 1 1687 1689
1298 4 1686 1687
1299 4 1292 1293
1300 12 3066 3069
1301 13 3066 3070
1302 13 3066 3071
1303 9 3069 3072
1304 13 3069 3073
1305 13 3069 3074
1306 12 3065 3066
1307 13 3065 3067
1308 13 3065 3068
1309 5 1681 1683
1310 7 1681 1684
1311 3 1681 1687
1312 4 1285 1286
1313 12 2916 2919
1314 13 2916 2920
1315 13 2916 2921
1316 9 3064 3065
1317 16 3064 3075
1318 10 3064 3076
1319 4 1812 1813
1320 3 1813 1814
1321 1 1813 1815
1322 5 1807 1809
1323 7 1807 1810
1324 3 1807 1813
1325 8 1810 1811
1326 5 1800 1802
1327 7 1800 1803
1328 3 1800 1806
1329 8 1803 1804
1330 9 2934 2937
1331 13 2934 2938
1332 13 2934 2939
1333 5 2052 2054
1334 7 2052 2055
1335 3 2052 2058
1336 8 2055 2056
1337 8 1157 1158
1338 5 1154 1156
1339 7 1154 1157
1340 3 1154 1160
1341 4 1152 1153
1342 5 1147 1149
1343 7 1147 1150
1344 3 1147 1153
1345 3 1153 1154
1346 1 1153 1155
1348 3 1160 1161
1349 1 1160 1162
1350 3 1146 1147
1351 1 1146 1148
1352 4 1159 1160
1353 4 1145 1146
1354 3 1624 1625
1355 1 1624 1626
1356 5 1625 1627
1357 7 1625 1628
1358 3 1625 1631
1359 4 2444 2445
1360 4 1637 1638
1361 3 1638 1639
1362 1 1638 1640
1363 4 2437 2438
1364 3 2438 2439
1365 1 2438 2440
1366 8 2435 2436
1367 5 2432 2434
1368 7 2432 2435
1369 3 2432 2438
1370 8 2442 2443
1371 5 2439 2441
1372 7 2439 2442
1373 3 2439 2445
1374 5 1639 1641
1375 7 1639 1642
1376 3 1639 1645
1377 3 1645 1646
1378 1 1645 1647
1379 5 1632 1634
1380 7 1632 1635
1381 3 1632 1638
1382 4 753 754
1383 3 2431 2432
1384 1 2431 2433
1385 4 760 761
1386 8 765 766
1387 8 2449 2450
1388 3 2445 2446
1389 1 2445 2447
1390 8 385 386
1391 4 1665 1666
1392 4 1672 1673
1393 3 1673 1674
1394 1 1673 1675
1395 8 1670 1671
1396 5 1667 1669
1397 7 1667 1670
1398 3 1667 1673
1399 5 1674 1676
1400 7 1674 1677
1401 3 1674 1680
1402 3 1666 1667
1403 1 1666 1668
1404 5 1660 1662
1405 7 1660 1663
1406 3 1660 1666
1407 8 1663 1664
1408 5 2446 2448
1409 7 2446 2449
1410 3 2446 2452
1411 5 2467 2469
1412 7 2467 2470
1413 3 2467 2473
1414 3 2466 2467
1415 1 2466 2468
1416 8 1684 1685
1417 8 1677 1678
1418 3 1680 1681
1419 1 1680 1682
1421 4 1679 1680
1422 5 1891 1893
1423 7 1891 1894
1424 3 1891 1897
1425 3 1890 1891
1426 1 1890 1892
1427 4 1889 1890
1428 5 1884 1886
1429 7 1884 1887
1430 3 1884 1890
1431 8 1887 1888
1432 8 1880 1881
1433 5 1877 1879
1434 7 1877 1880
1435 3 1877 1883
1436 3 1883 1884
1437 1 1883 1885
1438 4 1882 1883
1439 8 2470 2471
1440 12 2840 2841
1441 13 2840 2842
1442 13 2840 2843
1443 4 1798 1799
1444 3 1799 1800
1445 1 1799 1801
1446 3 1806 1807
1447 1 1806 1808
1448 3 1876 1877
1449 1 1876 1878
1450 4 1805 1806
1451 9 2839 2840
1452 16 2839 2850
1453 10 2839 2851
1454 8 2722 2723
1455 4 1875 1876
1456 5 2719 2721
1457 7 2719 2722
1458 3 2719 2725
1459 3 2725 2726
1460 1 2725 2727
1461 4 1166 1167
1462 5 2726 2728
1463 7 2726 2729
1464 3 2726 2732
1465 3 2718 2719
1466 1 2718 2720
1467 4 2717 2718
1468 3 2711 2712
1469 1 2711 2713
1470 8 2715 2716
1471 5 2712 2714
1472 7 2712 2715
1473 3 2712 2718
1474 5 2705 2707
1475 7 2705 2708
1476 3 2705 2711
1477 8 772 773
1478 5 769 771
1479 7 769 772
1480 3 769 775
1481 5 755 757
1482 7 755 758
1483 3 755 761
1484 3 768 769
1485 1 768 770
1486 4 2724 2725
1487 8 758 759
1488 8 2729 2730
1489 4 767 768
1490 3 761 762
1491 1 761 763
1492 3 754 755
1493 1 754 756
1494 5 762 764
1495 7 762 765
1496 3 762 768
1497 5 2516 2518
1498 7 2516 2519
1499 3 2516 2522
1500 8 1642 1643
1501 3 1652 1653
1502 1 1652 1654
1503 5 1646 1648
1504 7 1646 1649
1505 3 1646 1652
1506 3 2417 2418
1507 1 2417 2419
1508 4 2416 2417
1509 5 2404 2406
1510 7 2404 2407
1511 3 2404 2410
1512 3 2410 2411
1513 1 2410 2412
1514 5 2411 2413
1515 7 2411 2414
1516 3 2411 2417
1517 4 2409 2410
1518 8 2407 2408
1519 8 2414 2415
1520 5 2418 2420
1521 7 2418 2421
1522 3 2418 2424
1523 8 2421 2422
1524 5 2425 2427
1525 7 2425 2428
1526 3 2425 2431
1527 4 2423 2424
1528 5 1653 1655
1529 7 1653 1656
1530 3 1653 1659
1531 3 1659 1660
1532 1 1659 1661
1533 8 1656 1657
1534 4 1658 1659
1535 3 2347 2348
1536 1 2347 2349
1537 5 2341 2343
1538 7 2341 2344
1539 3 2341 2347
1540 4 2346 2347
1541 3 2340 2341
1542 1 2340 2342
1543 8 2344 2345
1544 5 2334 2336
1545 7 2334 2337
1546 3 2334 2340
1547 4 2339 2340
1548 3 2333 2334
1549 1 2333 2335
1550 8 2351 2352
1551 3 297 298
1552 1 297 299
1553 4 296 297
1554 5 2474 2476
1555 7 2474 2477
1556 3 2474 2480
1557 8 2484 2485
1558 3 2480 2481
1559 1 2480 2482
1560 5 2481 2483
1561 7 2481 2484
1562 3 2481 2487
1563 5 298 300
1564 7 298 301
1565 3 298 304
1566 8 2477 2478
1567 4 2479 2480
1568 3 2487 2488
1569 1 2487 2489
1570 5 305 307
1571 7 305 308
1572 3 305 311
1573 8 308 309
1574 5 312 314
1575 7 312 315
1576 3 312 318
1577 3 311 312
1578 1 311 313
1579 3 304 305
1580 1 304 306
1581 4 310 311
1582 8 315 316
1583 3 2473 2474
1584 1 2473 2475
1585 4 2472 2473
1586 8 301 302
1587 4 303 304
1588 8 2673 2674
1589 5 2670 2672
1590 7 2670 2673
1591 3 2670 2676
1592 5 2677 2679
1593 7 2677 2680
1594 3 2677 2683
1595 3 2676 2677
1596 1 2676 2678
1597 4 2675 2676
1598 8 2680 2681
1599 3 2669 2670
1600 1 2669 2671
1601 8 2582 2583
1602 4 2668 2669
1603 5 2663 2665
1604 7 2663 2666
1605 3 2663 2669
1606 3 2683 2684
1607 1 2683 2685
1608 8 2708 2709
1609 3 740 741
1610 1 740 742
1611 4 739 740
1612 4 746 747
1613 3 747 748
1614 1 747 749
1615 8 737 738
1616 5 741 743
1617 7 741 744
1618 3 741 747
1619 5 748 750
1620 7 748 751
1621 3 748 754
1622 5 734 736
1623 7 734 737
1624 3 734 740
1625 4 732 733
1626 3 733 734
1627 1 733 735
1628 8 744 745
1629 8 2519 2520
1630 3 2522 2523
1631 1 2522 2524
1632 3 2403 2404
1633 1 2403 2405
1634 4 2528 2529
1635 8 2533 2534
1636 5 2530 2532
1637 7 2530 2533
1638 3 2530 2536
1639 4 2535 2536
1640 4 2402 2403
1641 3 2536 2537
1642 1 2536 2538
1643 4 2395 2396
1644 3 2396 2397
1645 1 2396 2398
1646 8 2393 2394
1647 5 2390 2392
1648 7 2390 2393
1649 3 2390 2396
1650 8 2526 2527
1651 3 2529 2530
1652 1 2529 2531
1653 5 2523 2525
1654 7 2523 2526
1655 3 2523 2529
1656 5 2080 2082
1657 7 2080 2083
1658 3 2080 2086
1659 8 490 491
1660 4 2521 2522
1661 4 590 591
1662 4 2332 2333
1663 5 2327 2329
1664 7 2327 2330
1665 3 2327 2333
1666 8 2337 2338
1667 5 2537 2539
1668 7 2537 2540
1669 3 2537 2543
1670 5 585 587
1671 7 585 588
1672 3 585 591
1673 8 588 589
1674 4 583 584
1675 3 584 585
1676 1 584 586
1677 3 2550 2551
1678 1 2550 2552
1679 3 2543 2544
1680 1 2543 2545
1681 5 2544 2546
1682 7 2544 2547
1683 3 2544 2550
1684 5 2551 2553
1685 7 2551 2554
1686 3 2551 2557
1687 4 2542 2543
1688 8 2330 2331
1689 4 2325 2326
1690 3 2557 2558
1691 1 2557 2559
1692 8 2568 2569
1693 4 2570 2571
1694 3 2571 2572
1695 1 2571 2573
1696 5 2565 2567
1697 7 2565 2568
1698 3 2565 2571
1699 5 2572 2574
1700 7 2572 2575
1701 3 2572 2578
1702 3 2564 2565
1703 1 2564 2566
1704 4 2563 2564
1705 8 532 533
1706 5 2558 2560
1707 7 2558 2561
1708 3 2558 2564
1709 8 546 547
1710 8 2561 2562
1711 5 543 545
1712 7 543 546
1713 3 543 549
1714 3 577 578
1715 1 577 579
1716 8 2652 2653
1717 8 2575 2576
1718 3 2585 2586
1719 1 2585 2587
1720 4 2577 2578
1721 3 2578 2579
1722 1 2578 2580
1723 5 2579 2581
1724 7 2579 2582
1725 3 2579 2585
1726 5 2635 2637
1727 7 2635 2638
1728 3 2635 2641
1729 3 2641 2642
1730 1 2641 2643
1731 3 2634 2635
1732 1 2634 2636
1733 4 2640 2641
1734 4 2633 2634
1735 5 2628 2630
1736 7 2628 2631
1737 3 2628 2634
1738 8 2631 2632
1739 8 2638 2639
1740 4 2626 2627
1741 4 2612 2613
1742 5 2397 2399
1743 7 2397 2400
1744 3 2397 2403
1745 3 2086 2087
1746 1 2086 2088
1747 8 2400 2401
1748 4 2085 2086
1749 4 2078 2079
1750 3 2079 2080
1751 1 2079 2081
1752 5 727 729
1753 7 727 730
1754 3 727 733
1755 8 730 731
1756 5 720 722
1757 7 720 723
1758 3 720 726
1759 8 723 724
1760 3 726 727
1761 1 726 728
1762 4 725 726
1763 3 719 720
1764 1 719 721
1765 5 713 715
1766 7 713 716
1767 3 713 719
1768 4 718 719
1769 8 2076 2077
1770 5 2073 2075
1771 7 2073 2076
1772 3 2073 2079
1773 8 716 717
1774 5 1492 1494
1775 7 1492 1495
1776 3 1492 1498
1777 8 1495 1496
1778 4 1497 1498
1779 3 1498 1499
1780 1 1498 1500
1781 8 1509 1510
1782 4 1504 1505
1783 3 1505 1506
1784 1 1505 1507
1785 5 1499 1501
1786 7 1499 1502
1787 3 1499 1505
1788 5 494 496
1789 7 494 497
1790 3 494 500
1791 8 497 498
1792 5 1506 1508
1793 7 1506 1509
1794 3 1506 1512
1795 3 500 501
1796 1 500 502
1797 8 2069 2070
1798 5 2066 2068
1799 7 2066 2069
1800 3 2066 2072
1801 5 578 580
1802 7 578 581
1803 3 578 584
1804 9 2854 2855
1805 16 2854 2865
1806 10 2854 2866
1807 4 499 500
1809 8 581 582
1810 4 506 507
1811 5 501 503
1812 7 501 504
1813 3 501 507
1814 3 507 508
1815 1 507 509
1816 5 508 510
1817 7 508 511
1818 3 508 514
1819 3 514 515
1820 1 514 516
1821 8 511 512
1822 5 522 524
1823 7 522 525
1824 3 522 528
1825 3 1279 1280
1826 1 1279 1281
1827 3 1293 1294
1828 1 1293 1295
1829 4 576 577
1830 5 1294 1296
1831 7 1294 1297
1832 3 1294 1300
1833 8 1283 1284
1834 5 1280 1282
1835 7 1280 1283
1836 3 1280 1286
1837 8 1290 1291
1838 3 1286 1287
1839 1 1286 1288
1840 5 1287 1289
1841 7 1287 1290
1842 3 1287 1293
1843 5 529 531
1844 7 529 532
1845 3 529 535
1846 3 535 536
1847 1 535 537
1848 3 528 529
1849 1 528 530
1850 4 534 535
1851 5 536 538
1852 7 536 539
1853 3 536 542
1854 3 542 543
1855 1 542 544
1856 8 539 540
1857 4 527 528
1858 9 2919 2922
1859 13 2919 2923
1860 13 2919 2924
1861 4 548 549
1862 4 541 542
1864 10 2922 2928
1865 3 2627 2628
1866 1 2627 2629
1867 5 2621 2623
1868 7 2621 2624
1869 3 2621 2627
1870 9 3039 3042
1871 13 3039 3043
1872 13 3039 3044
1873 16 3042 3047
1874 10 3042 3048
1875 8 2624 2625
1876 4 2057 2058
1877 3 2058 2059
1878 1 2058 2060
1879 4 711 712
1880 8 1143 1144
1881 8 2062 2063
1882 5 2059 2061
1883 7 2059 2062
1884 3 2059 2065
1885 16 2937 2942
1886 10 2937 2943
1887 3 2620 2621
1888 1 2620 2622
1889 4 2619 2620
1890 3 2065 2066
1891 1 2065 2067
1892 4 2064 2065
1893 4 2071 2072
1894 3 2072 2073
1895 1 2072 2074
1896 8 709 710
1897 5 705 708
1898 7 705 709
1899 3 705 712
1900 3 712 713
1901 1 712 714
1902 5 1604 1606
1903 7 1604 1607
1904 3 1604 1610
1905 3 1603 1604
1906 1 1603 1605
1907 5 1597 1599
1908 7 1597 1600
1909 3 1597 1603
1910 3 1596 1597
1911 1 1596 1598
1912 4 1595 1596
1913 4 1602 1603
1914 4 1483 1484
1915 12 2991 2994
1916 13 2991 2995
1917 13 2991 2996
1918 11 2997 3002
1919 10 2997 3003
1920 12 2990 2991
1921 13 2990 2992
1922 13 2990 2993
1923 8 1607 1608
1924 9 2994 2997
1925 13 2994 2998
1926 13 2994 2999
1927 8 1593 1594
1928 3 388 389
1929 1 388 390
1930 8 1600 1601
1931 5 382 384
1932 7 382 385
1933 3 382 388
1934 3 1484 1485
1935 1 1484 1486
1936 8 1481 1482
1937 5 1478 1480
1938 7 1478 1481
1939 3 1478 1484
1940 8 1087 1088
1941 5 1084 1086
1942 7 1084 1087
1943 3 1084 1090
1944 3 1090 1091
1945 1 1090 1092
1946 4 1089 1090
1947 3 381 382
1948 1 381 383
1949 8 821 822
1950 3 1083 1084
1951 1 1083 1085
1952 4 1082 1083
1953 5 1077 1079
1954 7 1077 1080
1955 3 1077 1083
1956 8 1080 1081
1957 8 392 393
1958 11 3072 3077
1959 10 3072 3078
1960 5 1091 1093
1961 7 1091 1094
1962 3 1091 1097
1963 8 1297 1298
1964 5 1098 1100
1965 7 1098 1101
1966 3 1098 1104
1967 8 1101 1102
1968 3 1104 1105
1969 1 1104 1106
1970 4 1103 1104
1971 3 1097 1098
1972 1 1097 1099
1973 4 1096 1097
1975 5 1105 1107
1976 7 1105 1108
1977 3 1105 1111
1978 4 1110 1111
1979 8 1094 1095
1980 3 1111 1112
1981 1 1111 1113
1982 8 1115 1116
1983 5 1112 1114
1984 7 1112 1115
1985 3 1112 1118
1986 3 1118 1119
1987 1 1118 1120
1988 5 1119 1121
1989 7 1119 1122
1990 3 1119 1125
1991 4 1819 1820
1992 8 1122 1123
1993 3 1125 1126
1994 1 1125 1127
1995 4 1826 1827
1996 8 877 878
1997 3 1820 1821
1998 1 1820 1822
1999 3 1827 1828
2000 1 1827 1829
2001 4 1833 1834
2002 5 1814 1816
2003 7 1814 1817
2004 3 1814 1820
2005 5 1821 1823
2006 7 1821 1824
2007 3 1821 1827
2008 8 1824 1825
2009 4 872 873
2010 5 1140 1142
2011 7 1140 1143
2012 3 1140 1146
2013 3 1132 1133
2014 1 1132 1134
2015 3 1139 1140
2016 1 1139 1141
2017 4 1138 1139
2018 5 783 785
2019 7 783 786
2020 3 783 789
2021 3 789 790
2022 1 789 791
2023 4 788 789
2024 3 782 783
2025 1 782 784
2026 4 781 782
2027 5 790 792
2028 7 790 793
2029 3 790 796
2030 8 793 794
2031 4 1131 1132
2032 9 2989 2990
2033 16 2989 3000
2034 10 2989 3001
2035 5 776 778
2036 7 776 779
2037 3 776 782
2038 5 1133 1135
2039 7 1133 1136
2040 3 1133 1139
2041 8 1136 1137
2042 5 1590 1592
2043 7 1590 1593
2044 3 1590 1596
2045 4 2430 2431
2046 3 1575 1576
2047 1 1575 1577
2048 3 1589 1590
2049 1 1589 1591
2050 4 1581 1582
2051 3 1582 1583
2052 1 1582 1584
2053 5 1576 1578
2054 7 1576 1579
2055 3 1576 1582
2056 5 1583 1585
2057 7 1583 1586
2058 3 1583 1589
2059 4 1588 1589
2060 8 1579 1580
2061 8 1586 1587
2062 9 3049 3050
2063 16 3049 3060
2064 10 3049 3061
2065 4 1574 1575
2066 4 2451 2452
2067 4 380 381
2068 3 2459 2460
2069 1 2459 2461
2070 3 2452 2453
2071 1 2452 2454
2072 5 2453 2455
2073 7 2453 2456
2074 3 2453 2459
2075 5 2460 2462
2076 7 2460 2463
2077 3 2460 2466
2078 8 2463 2464
2079 8 2456 2457
2080 4 2458 2459
2081 8 1059 1060
2082 8 1066 1067
2083 8 378 379
2084 5 375 377
2085 7 375 378
2086 3 375 381
2087 8 371 372
2088 4 373 374
2089 8 364 365
2090 3 374 375
2091 1 374 376
2092 5 368 370
2093 7 368 371
2094 3 368 374
2095 4 359 360
2096 4 366 367
2097 3 360 361
2098 1 360 362
2099 3 367 368
2100 1 367 369
2101 5 361 363
2102 7 361 364
2103 3 361 367
2104 8 1859 1860
2105 4 865 866
2106 8 870 871
2107 8 1817 1818
2108 3 1834 1835
2109 1 1834 1836
2110 8 1873 1874
2111 5 1870 1872
2112 7 1870 1873
2113 3 1870 1876
2114 4 1861 1862
2115 4 1868 1869
2116 3 1869 1870
2117 1 1869 1871
2118 5 1863 1865
2119 7 1863 1866
2120 3 1863 1869
2121 3 1862 1863
2122 1 1862 1864
2123 5 1856 1858
2124 7 1856 1859
2125 3 1856 1862
2126 5 1828 1830
2127 7 1828 1831
2128 3 1828 1834
2129 8 2736 2737
2130 8 1866 1867
2131 8 1831 1832
2132 8 786 787
2133 5 2733 2735
2134 7 2733 2736
2135 3 2733 2739
2136 3 2732 2733
2137 1 2732 2734
2138 4 774 775
2139 8 779 780
2140 3 775 776
2141 1 775 777
2142 4 2731 2732
2143 4 2738 2739
2144 3 2739 2740
2145 1 2739 2741
2146 3 2424 2425
2147 1 2424 2426
2148 3 1568 1569
2149 1 1568 1570
2150 4 1567 1568
2151 3 1561 1562
2152 1 1561 1563
2153 4 2374 2375
2154 4 2367 2368
2155 9 3054 3057
2156 13 3054 3058
2157 13 3054 3059
2158 12 3050 3051
2159 13 3050 3052
2160 13 3050 3053
2161 12 3051 3054
2162 13 3051 3055
2163 13 3051 3056
2164 4 1560 1561
2165 4 2465 2466
2166 3 2368 2369
2167 1 2368 2370
2169 5 2348 2350
2170 7 2348 2351
2171 3 2348 2354
2172 4 2353 2354
2173 3 2354 2355
2174 1 2354 2356
2175 5 2355 2357
2176 7 2355 2358
2177 3 2355 2361
2178 4 2360 2361
2179 3 2361 2362
2180 1 2361 2363
2181 5 2362 2364
2182 7 2362 2365
2183 3 2362 2368
2184 8 2365 2366
2185 8 2358 2359
2186 4 1054 1055
2187 8 1052 1053
2188 3 318 319
2189 1 318 320
2190 5 354 356
2191 7 354 357
2192 3 354 360
2193 8 357 358
2194 8 322 323
2195 5 319 321
2196 7 319 322
2197 3 319 325
2198 3 353 354
2199 1 353 355
2200 3 325 326
2201 1 325 327
2202 5 326 328
2203 7 326 329
2204 3 326 332
2205 4 324 325
2206 4 317 318
2207 3 2655 2656
2208 1 2655 2657
2209 3 2662 2663
2210 1 2662 2664
2211 5 2656 2658
2212 7 2656 2659
2213 3 2656 2662
2214 8 2666 2667
2215 12 2946 2949
2216 13 2946 2950
2217 13 2946 2951
2218 4 2661 2662
2219 8 2659 2660
2220 12 2945 2946
2221 13 2945 2947
2222 13 2945 2948
2223 9 2944 2945
2224 11 2944 2955
2225 10 2944 2956
2226 5 1569 1571
2227 7 1569 1572
2228 3 1569 1575
2229 8 1572 1573
2230 5 1562 1564
2231 7 1562 1565
2232 3 1562 1568
2233 8 1558 1559
2234 4 2654 2655
2235 5 1555 1557
2236 7 1555 1558
2237 3 1555 1561
2238 8 751 752
2239 8 1565 1566
2240 3 1554 1555
2241 1 1554 1556
2242 8 2743 2744
2243 5 2740 2742
2244 7 2740 2743
2245 3 2740 2746
2246 4 1553 1554
2247 4 2745 2746
2248 3 2746 2747
2249 1 2746 2748
2250 8 2750 2751
2251 5 2747 2749
2252 7 2747 2750
2253 3 2747 2753
2254 4 2752 2753
2255 8 2540 2541
2256 3 2375 2376
2257 1 2375 2377
2258 5 2369 2371
2259 7 2369 2372
2260 3 2369 2375
2261 4 2381 2382
2262 3 2382 2383
2263 1 2382 2384
2264 3 2389 2390
2265 1 2389 2391
2266 5 2383 2385
2267 7 2383 2386
2268 3 2383 2389
2269 8 2386 2387
2270 5 2376 2378
2271 7 2376 2379
2272 3 2376 2382
2273 8 2379 2380
2274 8 84 85
2275 4 2388 2389
2276 8 2372 2373
2277 8 2554 2555
2278 8 2547 2548
2279 4 2549 2550
2280 4 2255 2256
2281 3 2256 2257
2282 1 2256 2258
2283 5 2250 2252
2284 7 2250 2253
2285 3 2250 2256
2286 8 2253 2254
2287 5 2257 2259
2288 7 2257 2260
2289 3 2257 2263
2290 8 2260 2261
2291 3 2249 2250
2292 1 2249 2251
2293 4 2262 2263
2294 3 2263 2264
2295 1 2263 2265
2296 5 2243 2245
2297 7 2243 2246
2298 3 2243 2249
2299 4 2556 2557
2300 5 333 335
2301 7 333 336
2302 3 333 339
2303 8 329 330
2304 3 332 333
2305 1 332 334
2306 8 525 526
2307 8 2267 2268
2308 4 331 332
2309 9 2874 2877
2310 13 2874 2878
2311 13 2874 2879
2312 12 2871 2874
2313 13 2871 2875
2314 13 2871 2876
2315 16 2877 2882
2316 10 2877 2883
2317 8 1432 1433
2318 9 2869 2870
2319 11 2869 2880
2320 10 2869 2881
2321 5 2642 2644
2322 7 2642 2645
2323 3 2642 2648
2324 3 2648 2649
2325 1 2648 2650
2326 4 2647 2648
2327 9 2949 2952
2328 13 2949 2953
2329 13 2949 2954
2330 12 2870 2871
2331 13 2870 2872
2332 13 2870 2873
2333 5 2649 2651
2334 7 2649 2652
2335 3 2649 2655
2336 8 2645 2646
2337 8 1418 1419
2338 5 1415 1417
2339 7 1415 1418
2340 3 1415 1421
2341 3 1414 1415
2342 1 1414 1416
2343 5 1422 1424
2344 7 1422 1425
2345 3 1422 1428
2346 3 1421 1422
2347 1 1421 1423
2348 11 2952 2957
2349 10 2952 2958
2350 4 1420 1421
2351 4 1546 1547
2352 8 1551 1552
2353 5 1548 1550
2354 7 1548 1551
2355 3 1548 1554
2356 3 1547 1548
2357 1 1547 1549
2358 3 1533 1534
2359 1 1533 1535
2360 5 1541 1543
2361 7 1541 1544
2362 3 1541 1547
2363 3 1540 1541
2364 1 1540 1542
2365 5 1534 1536
2366 7 1534 1537
2367 3 1534 1540
2368 8 1544 1545
2369 8 1537 1538
2370 4 1539 1540
2371 3 1512 1513
2372 1 1512 1514
2373 4 1511 1512
2374 8 1502 1503
2375 4 1518 1519
2376 9 2829 2832
2377 13 2829 2833
2378 13 2829 2834
2379 3 1519 1520
2380 1 1519 1521
2381 8 1523 1524
2382 5 1513 1515
2383 7 1513 1516
2384 3 1513 1519
2385 12 2826 2829
2386 13 2826 2830
2387 13 2826 2831
2388 4 1525 1526
2389 9 2824 2825
2390 16 2824 2835
2391 10 2824 2836
2392 12 2825 2826
2393 13 2825 2827
2394 13 2825 2828
2395 4 513 514
2396 8 1474 1475
2397 11 2832 2837
2398 10 2832 2838
2399 5 515 517
2400 7 515 518
2401 3 515 521
2402 8 518 519
2403 3 521 522
2404 1 521 523
2405 5 1471 1473
2406 7 1471 1474
2407 3 1471 1477
2408 4 520 521
2409 4 2248 2249
2410 4 1476 1477
2411 3 1477 1478
2412 1 1477 1479
2413 4 1469 1470
2414 3 1470 1471
2415 1 1470 1472
2416 5 1464 1466
2417 7 1464 1467
2418 3 1464 1470
2419 8 2246 2247
2420 8 1467 1468
2421 3 1463 1464
2422 1 1463 1465
2423 4 1462 1463
2424 4 1299 1300
2425 3 1300 1301
2426 1 1300 1302
2427 5 1301 1303
2428 7 1301 1304
2429 3 1301 1307
2430 8 1304 1305
2431 4 1306 1307
2432 3 1307 1308
2433 1 1307 1309
2434 3 1314 1315
2435 1 1314 1316
2436 5 1308 1310
2437 7 1308 1311
2438 3 1308 1314
2439 5 1315 1317
2440 7 1315 1318
2441 3 1315 1321
2442 4 1313 1314
2444 12 3036 3039
2445 13 3036 3040
2446 13 3036 3041
2447 4 1124 1125
2448 12 3035 3036
2449 13 3035 3037
2450 13 3035 3038
2451 4 1117 1118
2452 5 1407 1410
2453 7 1407 1411
2454 3 1407 1414
2455 9 3034 3035
2456 11 3034 3045
2457 10 3034 3046
2458 5 1126 1128
2459 7 1126 1129
2460 3 1126 1132
2462 3 704 705
2463 1 704 706
2464 2 704 707
2465 5 1527 1529
2466 7 1527 1530
2467 3 1527 1533
2468 5 1520 1522
2469 7 1520 1523
2470 3 1520 1526
2471 3 1526 1527
2472 1 1526 1528
2473 4 1405 1406
2474 3 1406 1407
2475 1 1406 1408
2476 2 1406 1409
2477 8 1516 1517
2478 4 703 704
2479 5 797 799
2480 7 797 800
2481 3 797 803
2482 12 3005 3006
2483 13 3005 3007
2484 13 3005 3008
2485 9 3004 3005
2486 16 3004 3015
2487 10 3004 3016
2488 8 814 815
2489 5 804 806
2490 7 804 807
2491 3 804 810
2492 3 810 811
2493 1 810 812
2494 4 809 810
2495 3 803 804
2496 1 803 805
2497 5 811 813
2498 7 811 814
2499 3 811 817
2501 3 817 818
2502 1 817 819
2503 4 816 817
2504 4 802 803
2505 12 3006 3009
2506 13 3006 3010
2507 13 3006 3011
2508 8 842 843
2509 4 844 845
2510 3 845 846
2511 1 845 847
2512 5 951 953
2513 7 951 954
2514 3 951 957
2515 3 950 951
2516 1 950 952
2517 5 818 820
2518 7 818 821
2519 3 818 824
2520 8 954 955
2521 5 832 834
2522 7 832 835
2523 3 832 838
2524 3 838 839
2525 1 838 840
2526 4 837 838
2527 5 825 827
2528 7 825 828
2529 3 825 831
2530 3 831 832
2531 1 831 833
2532 3 824 825
2533 1 824 826
2534 5 839 841
2535 7 839 842
2536 3 839 845
2537 8 835 836
2538 3 1076 1077
2539 1 1076 1078
2540 4 1075 1076
2541 4 830 831
2542 12 2885 2886
2543 13 2885 2887
2544 13 2885 2888
2545 8 849 850
2546 12 2886 2889
2547 13 2886 2890
2548 13 2886 2891
2549 5 846 848
2550 7 846 849
2551 3 846 852
2552 9 2889 2892
2553 13 2889 2893
2554 13 2889 2894
2555 11 2892 2897
2556 10 2892 2898
2557 4 893 894
2558 3 873 874
2559 1 873 875
2560 4 879 880
2561 8 884 885
2562 4 886 887
2563 3 887 888
2564 1 887 889
2565 5 881 883
2566 7 881 884
2567 3 881 887
2568 3 880 881
2569 1 880 882
2570 5 888 890
2571 7 888 891
2572 3 888 894
2573 5 874 876
2574 7 874 877
2575 3 874 880
2576 3 894 895
2577 1 894 896
2578 8 891 892
2579 3 796 797
2580 1 796 798
2581 8 1740 1741
2582 16 3012 3017
2583 10 3012 3018
2584 4 795 796
2585 9 3084 3087
2586 13 3084 3088
2587 13 3084 3089
2588 11 3087 3092
2589 10 3087 3093
2590 12 3081 3084
2591 13 3081 3085
2592 13 3081 3086
2593 12 3080 3081
2594 13 3080 3082
2595 13 3080 3083
2596 9 3079 3080
2597 16 3079 3090
2598 10 3079 3091
2599 8 800 801
2600 5 1000 1002
2601 7 1000 1003
2602 3 1000 1006
2603 4 1005 1006
2604 4 1012 1013
2605 3 1006 1007
2606 1 1006 1008
2607 8 1010 1011
2608 5 1007 1009
2609 7 1007 1010
2610 3 1007 1013
2611 3 1013 1014
2612 1 1013 1015
2613 5 1014 1016
2614 7 1014 1017
2615 3 1014 1020
2616 3 1020 1021
2617 1 1020 1022
2618 8 1017 1018
2619 8 1402 1404
2620 4 942 943
2621 8 1073 1074
2622 4 949 950
2623 5 944 946
2624 7 944 947
2625 3 944 950
2626 5 937 939
2627 7 937 940
2628 3 937 943
2629 8 947 948
2630 4 1068 1069
2631 5 1063 1065
2632 7 1063 1066
2633 3 1063 1069
2634 3 1069 1070
2635 1 1069 1071
2636 5 1070 1072
2637 7 1070 1073
2638 3 1070 1076
2639 3 943 944
2640 1 943 945
2641 8 940 941
2642 3 1062 1063
2643 1 1062 1064
2644 8 933 934
2645 4 1061 1062
2646 5 1056 1058
2647 7 1056 1059
2648 3 1056 1062
2649 8 1024 1025
2650 3 1055 1056
2651 1 1055 1057
2652 4 352 353
2653 3 866 867
2654 1 866 868
2655 3 852 853
2656 1 852 854
2657 3 859 860
2658 1 859 861
2659 5 860 862
2660 7 860 863
2661 3 860 866
2662 4 851 852
2663 8 856 857
2664 8 863 864
2665 5 853 855
2666 7 853 856
2667 3 853 859
2668 4 858 859
2670 10 3027 3033
2671 5 867 869
2672 7 867 870
2673 3 867 873
2674 5 895 897
2675 7 895 898
2676 3 895 901
2677 8 245 246
2678 8 898 899
2679 3 1855 1856
2680 1 1855 1857
2681 4 1854 1855
2682 3 1848 1849
2683 1 1848 1850
2684 4 1847 1848
2685 5 1849 1851
2686 7 1849 1852
2687 3 1849 1855
2688 3 1841 1842
2689 1 1841 1843
2690 5 1842 1844
2691 7 1842 1845
2692 3 1842 1848
2693 4 1840 1841
2694 8 1845 1846
2695 5 1835 1837
2696 7 1835 1838
2697 3 1835 1841
2698 8 231 232
2699 11 2967 2972
2700 10 2967 2973
2701 9 2964 2967
2702 13 2964 2968
2703 13 2964 2969
2704 8 1838 1839
2705 12 2961 2964
2706 13 2961 2965
2707 13 2961 2966
2708 9 2959 2960
2709 11 2959 2970
2710 10 2959 2971
2711 12 2960 2961
2712 13 2960 2962
2713 13 2960 2963
2714 3 1974 1975
2715 1 1974 1976
2716 4 1973 1974
2717 5 1975 1977
2718 7 1975 1978
2719 3 1975 1981
2720 4 1019 1020
2721 8 1978 1979
2722 11 3057 3062
2723 10 3057 3063
2724 8 1388 1389
2725 3 1384 1385
2726 1 1384 1386
2727 4 1383 1384
2728 5 1385 1387
2729 7 1385 1388
2730 3 1385 1391
2731 8 1395 1396
2732 4 1390 1391
2733 5 1392 1394
2734 7 1392 1395
2735 3 1392 1398
2736 3 1391 1392
2737 1 1391 1393
2738 4 1026 1027
2739 3 1027 1028
2740 1 1027 1029
2741 5 1021 1023
2742 7 1021 1024
2743 3 1021 1027
2744 5 1378 1380
2745 7 1378 1381
2746 3 1378 1384
2747 8 1031 1032
2748 4 1033 1034
2749 5 1028 1030
2750 7 1028 1031
2751 3 1028 1034
2752 3 1034 1035
2753 1 1034 1036
2754 5 1035 1037
2755 7 1035 1038
2756 3 1035 1041
2757 8 1038 1039
2758 4 1047 1048
2759 8 1045 1046
2760 5 1049 1051
2761 7 1049 1052
2762 3 1049 1055
2763 3 1048 1049
2764 1 1048 1050
2765 4 1040 1041
2766 3 1041 1042
2767 1 1041 1043
2768 5 1042 1044
2769 7 1042 1045
2770 3 1042 1048
2771 4 2269 2270
2772 3 339 340
2773 1 339 341
2774 5 340 342
2775 7 340 343
2776 3 340 346
2777 5 347 349
2778 7 347 350
2779 3 347 353
2780 3 346 347
2781 1 346 348
2783 12 3020 3021
2784 13 3020 3022
2785 13 3020 3023
2786 4 345 346
2787 8 343 344
2788 9 3024 3027
2789 13 3024 3028
2790 13 3024 3029
2791 12 3021 3024
2792 13 3021 3025
2793 13 3021 3026
2795 3 248 249
2796 1 248 250
2797 4 247 248
2798 8 1852 1853
2799 3 255 256
2800 1 255 257
2801 5 249 251
2802 7 249 252
2803 3 249 255
2804 4 254 255
2805 8 252 253
2806 12 2900 2901
2807 13 2900 2902
2808 13 2900 2903
2809 9 2899 2900
2810 11 2899 2910
2811 10 2899 2911
2812 9 2904 2907
2813 13 2904 2908
2814 13 2904 2909
2815 9 2974 2975
2816 11 2974 2985
2817 10 2974 2986
2818 9 2979 2982
2819 13 2979 2983
2820 13 2979 2984
2821 6 1399 1403
2822 5 1399 1401
2823 7 1399 1402
2824 4 1397 1398
2825 3 1398 1399
2826 1 1398 1400
2827 8 2757 2758
2828 5 2754 2756
2829 7 2754 2757
2830 3 2754 2760
2831 4 2759 2760
2832 3 2760 2761
2833 1 2760 2762
2834 8 1381 1382
2835 3 2753 2754
2836 1 2753 2755
2837 5 2761 2763
2838 7 2761 2764
2839 3 2761 2767
2840 8 2764 2765
2841 4 1376 1377
2842 3 1981 1982
2843 1 1981 1983
2844 4 1980 1981
2846 4 79 80
2847 3 87 88
2848 1 87 89
2849 8 1374 1375
2850 5 81 83
2851 7 81 84
2852 3 81 87
2853 3 80 81
2854 1 80 82
2855 5 74 76
2856 7 74 77
2857 3 74 80
2858 8 70 71
2859 3 73 74
2860 1 73 75
2861 4 72 73
2862 3 1377 1378
2863 1 1377 1379
2864 8 91 92
2865 4 86 87
2866 4 93 94
2867 4 100 101
2868 3 94 95
2869 1 94 96
2870 3 101 102
2871 1 101 103
2872 5 2264 2266
2873 7 2264 2267
2874 3 2264 2270
2875 5 88 90
2876 7 88 91
2877 3 88 94
2878 5 95 97
2879 7 95 98
2880 3 95 101
2881 8 98 99
2882 3 2270 2271
2883 1 2270 2272
2884 4 2276 2277
2885 3 2277 2278
2886 1 2277 2279
2887 8 2239 2240
2888 5 2236 2238
2889 7 2236 2239
2890 3 2236 2242
2891 4 2234 2235
2892 3 2235 2236
2893 1 2235 2237
2895 4 338 339
2896 5 2278 2280
2897 7 2278 2281
2898 3 2278 2284
2899 8 2281 2282
2900 8 336 337
2901 5 1429 1431
2902 7 1429 1432
2903 3 1429 1435
2904 5 2271 2273
2905 7 2271 2274
2906 3 2271 2277
2907 8 2274 2275
2908 11 2907 2912
2909 10 2907 2913
2910 4 2283 2284
2911 3 2284 2285
2912 1 2284 2286
2913 3 1435 1436
2914 1 1435 1437
2915 5 1436 1438
2916 7 1436 1439
2917 3 1436 1442
2918 3 2795 2796
2919 1 2795 2797
2920 4 1434 1435
2921 4 1413 1414
2922 12 2901 2904
2923 13 2901 2905
2924 13 2901 2906
2925 3 1428 1429
2926 1 1428 1430
2927 4 1427 1428
2928 4 2787 2788
2929 5 2789 2791
2930 7 2789 2792
2931 3 2789 2795
2932 8 2785 2786
2933 8 2778 2779
2934 5 2782 2784
2935 7 2782 2785
2936 3 2782 2788
2937 3 2774 2775
2938 1 2774 2776
2939 4 2773 2774
2940 5 2775 2777
2941 7 2775 2778
2942 3 2775 2781
2943 4 2780 2781
2944 3 2781 2782
2945 1 2781 2783
2946 3 2788 2789
2947 1 2788 2790
2948 4 2766 2767
2949 8 2771 2772
2950 4 1532 1533
2951 4 1369 1370
2952 5 2768 2770
2953 7 2768 2771
2954 3 2768 2774
2955 5 1371 1373
2956 7 1371 1374
2957 3 1371 1377
2958 3 2767 2768
2959 1 2767 2769
2960 3 1370 1371
2961 1 1370 1372
2962 8 1367 1368
2963 5 1364 1366
2964 7 1364 1367
2965 3 1364 1370
2966 3 1363 1364
2967 1 1363 1365
2968 4 1362 1363
2969 5 1357 1359
2970 7 1357 1360
2971 3 1357 1363
2972 8 1360 1361
2973 5 67 69
2974 7 67 70
2975 3 67 73
2976 8 2225 2226
2977 5 60 62
2978 7 60 63
2979 3 60 66
2980 3 66 67
2981 1 66 68
2982 8 63 64
2983 4 65 66
2984 3 59 60
2985 1 59 61
2986 12 3095 3096
2987 13 3095 3097
2988 13 3095 3098
2989 9 3094 3095
2990 16 3094 3105
2991 10 3094 3106
2992 8 700 702
2993 8 828 829
2994 8 2232 2233
2995 4 823 824
2996 5 2222 2224
2997 7 2222 2225
2998 3 2222 2228
2999 4 2227 2228
3000 3 2228 2229
3001 1 2228 2230
3002 3 2242 2243
3003 1 2242 2244
3004 5 2229 2231
3005 7 2229 2232
3006 3 2229 2235
3007 4 2241 2242
3008 8 1453 1454
3009 4 1455 1456
3010 8 1318 1319
3011 8 1460 1461
3012 4 2801 2802
3013 5 1457 1459
3014 7 1457 1460
3015 3 1457 1463
3016 3 1442 1443
3017 1 1442 1444
3018 3 2802 2803
3019 1 2802 2804
3020 3 1456 1457
3021 1 1456 1458
3022 4 1441 1442
3023 8 1446 1447
3024 5 1443 1445
3025 7 1443 1446
3026 3 1443 1449
3027 5 1450 1452
3028 7 1450 1453
3029 3 1450 1456
3030 4 1448 1449
3031 3 1449 1450
3032 1 1449 1451
3033 6 2803 2807
3034 5 2803 2805
3035 7 2803 2806
3036 3 1321 1322
3037 1 1321 1323
3038 8 1325 1326
3039 4 1320 1321
3040 5 1322 1324
3041 7 1322 1325
3042 3 1322 1328
3043 8 1425 1426
3044 4 1327 1328
3045 8 1332 1333
3046 3 1328 1329
3047 1 1328 1330
3048 8 1339 1340
3049 4 1334 1335
3050 3 1335 1336
3051 1 1335 1337
3052 5 1329 1331
3053 7 1329 1332
3054 3 1329 1335
3055 5 1336 1338
3056 7 1336 1339
3057 3 1336 1342
3058 3 1342 1343
3059 1 1342 1344
3060 4 1341 1342
3061 8 1411 1412
3062 8 1530 1531
3063 11 3102 3107
3064 10 3102 3108
3065 9 3099 3102
3066 13 3099 3103
3067 13 3099 3104
3068 12 3096 3099
3069 13 3096 3100
3070 13 3096 3101
3071 8 1346 1347
3072 5 1343 1345
3073 7 1343 1346
3074 3 1343 1349
3075 3 1356 1357
3076 1 1356 1358
3077 4 1355 1356
3078 5 1350 1352
3079 7 1350 1353
3080 3 1350 1356
3081 8 1353 1354
3082 4 1348 1349
3083 3 1349 1350
3084 1 1349 1351
3085 14 2884 1922
3087 14 2884 686
3088 14 3019 273
3089 15 274 3030
3090 14 2809 2302
3091 15 2303 2820
3092 14 2929 2617
3093 15 2618 2940
3094 14 3064 1108
3095 15 1109 3075
3096 14 2839 1894
3097 15 1895 2850
3098 14 2854 504
3099 15 505 2865
3100 14 2922 1276
3102 14 2922 14
3103 14 3042 1311
3104 15 1312 3047
3105 14 2937 1150
3106 15 1151 2942
3107 14 2989 1614
3108 15 1615 3000
3109 14 3049 2428
3110 15 2429 3060
3111 14 2877 1439
3112 15 1440 2882
3113 14 2824 77
3114 15 78 2835
3115 14 3004 996
3116 15 997 3015
3117 14 3012 1761
3118 15 1762 3017
3119 14 3079 1129
3120 15 1130 3090
3121 14 3027 350
3123 14 3027 259
3124 14 3094 807
3125 15 808 3105
