3.5
Atoms 18 3096
Bonds 16 3096
Angles 31 5756
Single Linked : 20
Double Linked : 4
----
2884 1922 3.38372
2884 686 3.05051
3019 273 3.33843
FOUND 3019 3.33843
2809 2302 3.15215
FOUND 2809 3.15215
2914 7 3.4736
FOUND 2914 3.4736
2929 2617 3.24389
FOUND 2929 3.24389
3064 1108 3.02575
FOUND 3064 3.02575
2839 1894 3.23096
FOUND 2839 3.23096
2854 504 3.4273
FOUND 2854 3.4273
2922 1276 3.31859
2922 14 3.37576
3042 1311 3.22316
FOUND 3042 3.22316
2937 1150 3.11911
FOUND 2937 3.11911
2989 1614 3.39194
FOUND 2989 3.39194
3049 2428 3.34155
FOUND 3049 3.34155
2877 1439 3.00783
FOUND 2877 3.00783
2824 77 3.30429
FOUND 2824 3.30429
3004 996 3.20299
FOUND 3004 3.20299
3012 1761 3.35268
FOUND 3012 3.35268
3079 1129 3.27958
FOUND 3079 3.27958
3027 350 3.32574
3027 259 3.27572
3094 807 3.37596
3094 63 3.4821
distance: 78.7033 cnt: 24 Average: 3.2793

3.65
Data Type Value
Atoms 18 3078
Bonds 16 3089
Angles 31 5770
Single Linked : 25
Double Linked : 10
--
working
2884 1922 3.38372
2884 1719 3.5889
3019 926 3.56043
3019 273 3.33843
2809 2302 3.15215
FOUND 2809 3.15215
2914 1712 3.6085
2914 7 3.4736
2847 182 3.64924
FOUND 2847 3.64924
2862 126 3.53675
2862 2027 3.63038
2929 2617 3.24389
FOUND 2929 3.24389
3064 1108 3.02575
FOUND 3064 3.02575
2839 1894 3.23096
2839 301 3.61198
2854 504 3.4273
FOUND 2854 3.4273
2922 1276 3.31859
2922 14 3.37576
3042 539 3.64697
3042 1311 3.22316
2937 1150 3.11911
FOUND 2937 3.11911
2989 1614 3.39194
FOUND 2989 3.39194
3049 1066 3.60563
3049 2428 3.34155
2877 1439 3.00783
FOUND 2877 3.00783
2869 2638 3.59042
FOUND 2869 3.59042
2824 77 3.30429
FOUND 2824 3.30429
2832 511 3.50324
FOUND 2832 3.50324
3034 1411 3.5904
FOUND 3034 3.5904
3004 996 3.20299
FOUND 3004 3.20299
3012 1761 3.35268
FOUND 3012 3.35268
3079 1129 3.27958
FOUND 3079 3.27958
3027 350 3.32574
3027 343 3.63089
3094 807 3.37596
3094 63 3.4821
distance: 119.131 cnt: 35 Average: 3.40374

3.75
Atoms 18 3066
Bonds 16 3084
Angles 31 5778
Single Linked : 28
Double Linked : 14

2884 1922 3.38372
2884 1719 3.5889
3019 926 3.56043
3019 273 3.33843
2809 2302 3.15215
FOUND 2809 3.15215
2914 1712 3.6085
2914 7 3.4736
2847 182 3.64924
2847 175 3.67458
2862 126 3.53675
2862 2027 3.63038
2929 2617 3.24389
FOUND 2929 3.24389
3064 1108 3.02575
FOUND 3064 3.02575
2839 1894 3.23096
2839 301 3.61198
2854 504 3.4273
FOUND 2854 3.4273
2922 1276 3.31859
2922 14 3.37576
3042 539 3.64697
3042 1311 3.22316
2937 1150 3.11911
FOUND 2937 3.11911
3072 1873 3.67336
FOUND 3072 3.67336
2989 1614 3.39194
2989 1143 3.69841
3049 1066 3.60563
3049 2428 3.34155
2877 525 3.70211
2877 1439 3.00783
2869 2638 3.59042
FOUND 2869 3.59042
2824 77 3.30429
FOUND 2824 3.30429
2832 511 3.50324
2832 2386 3.66999
3034 1411 3.5904
FOUND 3034 3.5904
3004 996 3.20299
FOUND 3004 3.20299
3012 1761 3.35268
FOUND 3012 3.35268
3079 1129 3.27958
FOUND 3079 3.27958
3027 350 3.32574
3027 343 3.63089
2967 1838 3.70765
FOUND 2967 3.70765
2899 252 3.71786
FOUND 2899 3.71786
3094 807 3.37596
3094 63 3.4821
distance: 144.975 cnt: 42 Average: 3.45178

3.85
Data Type Value
Atoms 18 3054
Bonds 16 3080
Angles 31 5790
Single Linked : 32
Double Linked : 18
------------------------------
2884 1922 3.38372
2884 1719 3.5889
3019 926 3.56043
3019 273 3.33843
2809 2302 3.15215
FOUND 2809 3.15215
2817 1227 3.77221
FOUND 2817 3.77221
2982 1192 3.80506
FOUND 2982 3.80506
2914 1712 3.6085
2914 7 3.4736
2847 182 3.64924
2847 175 3.67458
2862 126 3.53675
2862 2027 3.63038
2929 2610 3.80095
2929 35 3.75344
3064 1108 3.02575
FOUND 3064 3.02575
2839 1894 3.23096
2839 301 3.61198
2854 504 3.4273
2854 581 3.7805
2922 1276 3.31859
2922 14 3.37576
3042 539 3.64697
3042 1311 3.22316
2937 1150 3.11911
FOUND 2937 3.11911
2997 1502 3.75595
FOUND 2997 3.75595
3072 1873 3.67336
FOUND 3072 3.67336
2989 1614 3.39194
2989 1143 3.69841
3049 1066 3.60563
3049 2428 3.34155
2877 525 3.70211
2877 2267 3.7951
2869 2638 3.59042
FOUND 2869 3.59042
2824 77 3.30429
FOUND 2824 3.30429
2832 511 3.50324
2832 2386 3.66999
3034 1411 3.5904
FOUND 3034 3.5904
3004 996 3.20299
3004 2211 3.76115
3012 1761 3.35268
FOUND 3012 3.35268
3079 1129 3.27958
3079 884 3.81587
3027 350 3.32574
3027 343 3.63089
2967 1838 3.70765
FOUND 2967 3.70765
3057 1388 3.76607
FOUND 3057 3.76607
2899 252 3.71786
FOUND 2899 3.71786
3094 807 3.37596
3094 63 3.4821
distance: 176.529 cnt: 50 Average: 3.53059

4
Data Type Value
Atoms 18 3027
Bonds 16 3065
Angles 31 5793
Single Linked : 35
Double Linked : 27

2884 1922 3.38372
2884 1719 3.5889
3019 926 3.56043
3019 273 3.33843
2809 2302 3.15215
FOUND 2809 3.15215
2817 1227 3.77221
FOUND 2817 3.77221
2982 1192 3.80506
2982 231 3.85422
2914 1712 3.6085
2914 7 3.4736
2847 182 3.64924
2847 175 3.67458
2862 126 3.53675
2862 567 3.98853
2929 2610 3.80095
2929 35 3.75344
3064 1810 3.97956
3064 1108 3.02575
2839 1894 3.23096
2839 2722 3.93466
2854 399 3.9313
2854 504 3.4273
2922 1276 3.31859
2922 14 3.37576
3042 539 3.64697
3042 1311 3.22316
2937 1150 3.11911
2937 2624 3.99058
2997 1502 3.75595
FOUND 2997 3.75595
3072 378 3.88143
3072 1873 3.67336
2989 1614 3.39194
2989 1143 3.69841
3049 1066 3.60563
3049 2428 3.34155
2877 525 3.70211
2877 2267 3.7951
2869 2638 3.59042
FOUND 2869 3.59042
2824 77 3.30429
FOUND 2824 3.30429
2832 511 3.50324
2832 2540 3.9421
3034 1411 3.5904
FOUND 3034 3.5904
3004 996 3.20299
3004 2211 3.76115
2892 835 3.89416
FOUND 2892 3.89416
3012 1761 3.35268
3012 210 3.98088
3079 1129 3.27958
3079 884 3.81587
3027 856 3.8761
3027 350 3.32574
2967 2750 3.90786
2967 1838 3.70765
2959 1964 3.94617
2959 1395 3.93589
3057 2379 3.99692
3057 1388 3.76607
2899 252 3.71786
2899 2757 3.89188
2974 2771 3.9607
FOUND 2974 3.9607
3094 807 3.37596
3094 63 3.4821
distance: 225.099 cnt: 62 Average: 3.63062

