# Fix print output for fix def1
5.98864073561336e-16 -0.280383513283504
0.0100000000000005 0.16781949233119
0.0200000000000005 0.211248099294197
0.0300000000000007 0.156980389167833
0.0400000000000007 0.703713979489657
0.0500000000000006 0.589834931518447
0.0600000000000005 0.478839998498001
0.0700000000000006 0.551969248038937
0.0800000000000007 0.993726266194305
0.0900000000000006 0.725159254108311
0.100000000000001 0.490151659431777
0.11 0.620684958488222
0.120000000000001 0.430568702309514
0.130000000000001 0.756564304689722
0.140000000000001 0.50431102976945
0.150000000000001 0.626158799168547
0.160000000000001 0.60667006302379
0.170000000000001 0.572071544257902
0.180000000000001 0.687714687181541
0.190000000000001 0.599354262865191
0.200000000000001 0.721152302589944
0.210000000000001 0.60927602222187
0.220000000000001 0.647267466912162
0.230000000000001 0.68480150882887
0.240000000000001 0.670205813965955
0.250000000000001 0.75761326640333
0.260000000000001 0.604920246075185
0.270000000000001 0.792842398119437
0.280000000000001 1.01377793722111
0.290000000000001 1.17468292049988
0.300000000000001 0.876768172505534
0.310000000000001 1.09531605611581
0.320000000000001 1.23793015845901
0.330000000000001 1.12357588296684
0.340000000000001 1.43252428588317
0.350000000000001 1.40097995312077
0.360000000000001 1.3142549801673
0.370000000000001 1.3582548803639
0.380000000000001 1.32965130914492
0.390000000000001 1.30442692683681
0.400000000000001 1.54632312289951
0.410000000000001 1.74493389233719
0.420000000000001 1.76111866845835
0.430000000000001 1.9068957061272
0.440000000000001 1.83703248715219
0.450000000000001 2.09088615423214
0.460000000000001 2.42349423626116
0.470000000000001 2.1662915702142
0.480000000000001 2.52240063513342
0.490000000000001 2.77570389613609
0.500000000000001 2.61637181321754
0.510000000000001 2.48772530983811
0.520000000000001 3.02587572543028
0.530000000000001 3.02136844286851
0.540000000000001 3.19927864471036
0.550000000000001 3.27444538106636
0.560000000000001 3.21830322439415
0.570000000000001 3.54027430240624
0.580000000000001 3.76250362570209
0.590000000000001 3.76076859023595
0.600000000000001 3.9296430395998
0.610000000000001 4.32519822336665
0.620000000000001 4.37616861196304
0.630000000000001 4.52246237239757
0.640000000000001 4.5364423741742
0.650000000000001 4.97056459813499
0.660000000000001 5.12818747869585
0.670000000000001 5.30688723829321
0.680000000000001 5.58174284863581
0.690000000000001 5.6871442131718
0.700000000000001 6.0181531837626
0.710000000000001 6.03781958988168
0.720000000000001 6.21284731844896
0.730000000000001 6.60858079056775
0.740000000000001 6.61038375268807
0.750000000000001 7.02617667211206
0.760000000000001 7.27475188716433
0.770000000000001 7.51025990679979
0.780000000000001 7.94166655214031
0.790000000000001 8.10364740630471
0.800000000000001 8.50945246152386
0.810000000000001 8.4280276556067
0.820000000000001 9.00976622279428
0.830000000000001 9.37251745049251
0.840000000000001 9.69088695499397
0.850000000000001 9.92631443433291
0.860000000000001 10.0848641253078
0.870000000000001 10.4609579540366
0.880000000000001 10.8170816910481
0.890000000000001 11.2810670986976
0.900000000000001 11.2415546422446
0.910000000000001 11.9014241609157
0.920000000000001 12.061179558513
0.930000000000001 12.4666380879507
0.940000000000001 12.6931281254692
0.950000000000001 13.4291380005204
0.960000000000001 13.5433463627809
0.970000000000001 13.9576157057756
0.980000000000001 14.1808521429781
0.990000000000001 14.4970412018394
1 14.8429524773247
1.01 15.499082561287
1.02 15.7675468379527
1.03 16.1779384979014
1.04 16.5556020870266
1.05 17.0351733521553
1.06 17.5411975655179
1.07 17.6570381073542
1.08 18.2802567997164
1.09 18.6119073677626
1.1 19.1914298032326
1.11 19.6720773275793
1.12 19.9860034638183
1.13 20.4892286851782
1.14 20.8758813397638
1.15 21.3883065250877
1.16 21.5647850162553
1.17 22.1173437121845
1.18 22.6397612725196
1.19 23.3369403088758
1.2 23.8027418714911
1.21 24.0547023987946
1.22 24.5395745859053
1.23 25.1974771185874
1.24 25.7083998338361
1.25 26.3639407361707
1.26 26.8755328535525
1.27 27.391979304018
1.28 27.8287812083218
1.29 28.3573697908728
1.3 28.556107928161
1.31 29.1726023186857
1.32 29.7929847641438
1.33 30.182471110502
1.34 30.7198660823805
1.35 31.4939507334138
1.36 31.9849141482526
1.37 32.4665732596072
1.38 33.3473821528649
1.39 33.6386097163079
1.4 34.0671932595822
1.41 34.6072273701837
1.42 35.4637826476643
1.43 36.0747880848118
1.44 36.4111681804546
1.45 36.9775945508511
1.46 37.8398867696597
1.47 38.5269409268786
1.48 39.0743582335046
1.49 39.746434339182
1.5 40.379588654517
1.51 41.0498078865237
1.52 41.5231211235686
1.53 42.0714851483194
1.54 42.4853116651919
1.55 43.0859526366838
1.56 43.4200504116243
1.57 44.0230315109839
1.58 44.866009945241
1.59 45.3822622563001
1.6 46.1493267123258
1.61 46.5948383583621
1.62 46.9838491688768
1.63 47.8568524875509
1.64 49.0302172500544
1.65 49.4900335992698
1.66 50.558914523337
1.67 51.6213194855275
1.68 52.2077023002519
1.69 52.6980737617549
1.7 53.6004269087508
1.71 53.7040941085609
1.72 54.1927720283448
1.73 54.9670813062859
1.74 55.9014651724699
1.75 56.5043959565634
1.76 57.2763485427379
1.77 58.2417559566796
1.78 59.0519397790399
1.79 59.7860187606481
1.8 60.7934542057124
1.81 61.555751428571
1.82 62.0980267007311
1.83 62.6492209599115
1.84 63.5497977407444
1.85 64.329412664175
1.86 65.038576833432
1.87 66.0216219823831
1.88 66.675165717705
1.89 67.7995681031446
1.9 68.1015624539062
1.91 68.7492904578679
1.92 69.4548154236897
1.93 69.8225059770713
1.94 70.5377904479066
1.95 71.4293127048775
1.96 72.2534235655982
1.97 73.0561171090291
1.98 74.1116170988384
1.99 75.1965338787802
2 76.0113075758551
2.01 76.7555483790742
2.02 77.5920846858955
2.03 78.5270838774891
2.04 79.2421838457821
2.05 80.1457053164127
2.06 80.6920937142122
2.07 81.5550638177096
2.08 82.3922596548711
2.09 83.4813536223476
2.1 84.2880583429783
2.11 85.4587894596572
2.12 86.3079200557961
2.13 87.3035497640396
2.14 88.2746234514811
2.15 89.1127395912567
2.16 89.8748119412968
2.17 90.8004347953422
2.18 91.805568105719
2.19 92.3551767492891
2.2 93.3933104746461
2.21 94.242807879297
2.22 95.334893457929
2.23 96.1621116323242
2.24 97.061605331391
2.25 98.0118134006326
2.26 98.854802432013
2.27 99.5945248373656
2.28 100.309365282196
2.29 101.292657237193
2.3 102.309551489768
2.31 103.276655480102
2.32 104.46774295165
2.33 105.164788943244
2.34 105.95220531683
2.35 106.925224767559
2.36 107.666002152217
2.37 108.528362888065
2.38 109.247390473722
2.39 110.145255832672
2.4 111.240205139279
2.41 112.610790579277
2.42 113.752150258919
2.43 114.575785529549
2.44 115.322129843318
2.45 116.117979772077
2.46 116.810993839294
2.47 117.982327664215
2.48 119.082369126096
2.49 120.269714193163
2.5 121.429442574262
2.51 122.908516344603
2.52 124.254309836701
2.53 124.964642465732
2.54 125.577862880523
2.55 126.099857890037
2.56 126.702638020116
2.57 127.686279973304
2.58 128.883701500689
2.59 129.771077830765
2.6 130.531145288306
2.61 131.577868437686
2.62 132.707739832691
2.63 133.646168196911
2.64 134.705820309612
2.65 135.746248614952
2.66 136.911191857652
2.67 138.098255722759
2.68 138.865600060064
2.69 139.968639193422
2.7 141.152150636056
2.71 142.205796606356
2.72 142.80157480448
2.73 143.687011551289
2.74 144.811816215489
2.75 146.197541501782
2.76 147.425426753216
2.77 148.473400192862
2.78 149.068340237209
2.79 150.182793568345
2.8 151.317956055778
2.81 152.178789859881
2.82 153.276631206289
2.83 153.898388024291
2.84 155.22975342224
2.85 156.220562283548
2.86 157.176021192905
2.87 158.024525735444
2.88 158.948859961469
2.89 159.828145746363
2.9 160.842086277474
2.91 162.261877828916
2.92 163.254922859118
2.93 163.481786492667
2.94 164.133245559242
2.95 165.215803407607
2.96 166.413144176601
2.97 167.315234679472
2.98 168.568663732007
2.99 169.720522082989
3 170.590047310306
3.01 171.335891483527
3.02 172.17113290437
3.03 173.791394325061
3.04 175.347131810309
3.05 176.773613712226
3.06 178.081780440351
3.07 179.127719184687
3.08 180.172472973567
3.09 181.153228810817
3.1 182.140205790223
3.11 183.1282337038
3.12 184.174760906302
3.13 185.077539992965
3.14 185.413585332789
3.15 186.380418748963
3.16 187.533413543977
3.17 189.011115427008
3.18 190.345586171453
3.19 191.246737891435
3.2 191.617262148388
3.21 191.813616239154
3.22 192.605708452186
3.23 193.889578780705
3.24 195.331454567567
3.25 196.611867313171
3.26 198.132959368705
3.27 199.748698190705
3.28 201.470454877609
3.29 203.095570707359
3.3 204.545844902765
3.31 205.101377276691
3.32 205.675352331034
3.33 206.497912602588
3.34 207.364343014752
3.35 208.863568600731
3.36 210.693760218047
3.37 211.503837279925
3.38 213.037215563278
3.39 214.415515091957
3.4 214.477892516834
3.41 215.180637755472
3.42 216.113853959043
3.43 217.120264224262
3.44 218.406526188192
3.45 219.85345252308
3.46 220.352209781703
3.47 220.819255404765
3.48 221.850386427047
3.49 222.329117982844
3.5 223.398072343023
3.51 224.691449310338
3.52 226.185084815006
3.53 227.92582649745
3.54 229.08414045649
3.55 230.221749908482
3.56 231.702064038484
3.57 233.325510343925
3.58 234.502474559469
3.59 235.496623604937
3.6 237.010925685289
3.61 238.212989065513
3.62 239.018756652537
3.63 239.378278093109
3.64 240.34222357475
3.65 241.995882387467
3.66 243.282394936624
3.67 244.556026546342
3.68 245.777031084498
3.69 247.136034611217
3.7 248.421866431675
3.71 249.901658982902
3.72 251.003574569765
3.73 252.205214832382
3.74 253.444684894105
3.75 254.601699096868
3.76 256.021699394451
3.77 257.45964994156
3.78 258.208883010859
3.79 259.076082777354
3.8 259.822628092996
3.81 260.915949464598
3.82 262.817150209853
3.83 264.27781593336
3.84 265.72389097528
3.85 267.406327297171
3.86 268.670425854535
3.87 269.067461416409
3.88 269.472507353507
3.89 270.787979546001
3.9 272.164720310735
3.91 273.283235311189
3.92 274.4819497489
3.93 276.618064303968
3.94 278.821843453318
3.95 280.522867122285
3.96 281.716833177526
3.97 282.276526798951
3.98 282.55508954026
3.99 282.666848022847
4 284.045542345825
4.01 285.219458927786
4.02 286.256654995401
4.03 288.087713112176
4.04 290.707242346671
4.05 292.472739067963
4.06 293.646677806765
4.07 294.370239968425
4.08 295.49895572886
4.09 296.507484682907
4.1 297.21529559423
4.11 298.488362646621
4.12 300.075597176708
4.13 301.654121878714
4.14 303.465632530185
4.15 305.529909542322
4.16 306.686705532587
4.17 307.102395508103
4.18 307.769778298782
4.19 309.716395482208
4.2 311.45431240108
4.21 313.599652577475
4.22 315.970090151733
4.23 317.046434622611
4.24 318.187350025779
4.25 319.436901428606
4.26 320.637582615957
4.27 321.604704190109
4.28 322.340020052373
4.29 324.360876969404
4.3 325.996682057216
4.31 327.121781300591
4.32 328.238988267896
4.33 329.88408704418
4.34 332.017800422809
4.35 334.548649542002
4.36 335.653003000056
4.37 336.448205100438
4.38 337.553747569124
4.39 338.284476497909
4.4 338.591372327689
4.41 339.421946781047
4.42 341.396619968507
4.43 344.440084500988
4.44 345.950144432718
4.45 347.249928986572
4.46 348.915482183516
4.47 350.165474769618
4.48 350.88495284264
4.49 351.680084708839
4.5 352.73035880727
4.51 354.123538884396
4.52 354.852845876459
4.53 355.776700589476
4.54 356.820889146799
4.55 357.889483249508
4.56 360.16755900598
4.57 362.246295435573
4.58 364.544861747104
4.59 365.953674803572
4.6 367.389987232152
4.61 368.072079663866
4.62 368.746056361169
4.63 370.043983800226
4.64 371.60721099958
4.65 372.639104726032
4.66 373.516935964716
4.67 375.376304489958
4.68 377.970081560517
4.69 380.108169757031
4.7 381.258201914268
4.71 382.48076399272
4.72 384.136949172324
4.73 387.49612919011
4.74 390.066841471832
4.75 391.9249506768
4.76 392.845813924929
4.77 392.313533145425
4.78 392.350178852078
4.79 393.65164931191
4.8 395.815911803271
4.81 397.881277025373
4.82 399.595415103763
4.83 401.085203574612
4.84 401.929239986873
4.85 403.075798135152
4.86 404.675514822534
4.87 406.923513306417
4.88 409.24927265888
4.89 410.866590440665
4.9 411.608830402843
4.91 411.995024166931
4.92 413.85472720581
4.93 415.480650307612
4.94 417.320363732514
4.95 418.725040735837
4.96 420.514057808832
4.97 421.32348607631
4.98 422.50534411758
4.99 423.93179566396
5 425.414625082636
5.01 426.954184795985
5.02 428.156846172413
5.03 428.744174024053
5.04 429.97033128434
5.05 431.47795767284
5.06 432.704008118452
5.07 434.611400036397
5.08 437.192745515535
5.09 438.34395763198
5.1 439.863454098788
5.11 443.006111773734
5.12 444.770812732618
5.13 445.900881167168
5.14000000000001 445.385197727641
5.15 445.180877188109
5.16 446.014138047114
5.17 446.347354215031
5.18 447.880328256685
5.19 450.298308405522
5.2 452.492918434677
5.21 455.733188647847
5.22 457.54915377887
5.23 458.46980368021
5.24 458.791587337757
5.25 459.499131630831
5.26 461.888712594314
5.27 465.125150941831
5.28 468.297086233215
5.29 470.041734578502
5.3 470.864051813969
5.31 472.028646445185
5.32 472.774742430087
5.33000000000001 473.85696025538
5.34 475.830469008754
5.35 477.63754591095
5.36 478.397882444504
5.37 479.30381454889
5.38 481.271484484278
5.39000000000001 483.07677528116
5.4 484.863383498546
5.41 486.788532272926
5.42 489.226852843378
5.43 491.052414050238
5.44 491.239421176188
5.45 490.360492658327
5.46 491.389975164872
5.47 492.442787328243
5.48 494.131255439745
5.49 495.531130278824
5.5 496.942578836172
5.51 498.488173251276
5.52 499.281356733301
5.53 500.209262215827
5.54000000000001 502.692525801173
5.55 506.135013213113
5.56 509.534691828985
5.57 511.566472474077
5.58 512.15110531671
5.59 510.740659097706
5.6 511.014643718507
5.61 511.570253471063
5.62 513.947734222239
5.63 517.461875042467
5.64 520.155655443856
5.65 522.171421920269
5.66 522.744363664842
5.67 523.927544581659
5.68 524.814016233979
5.69 526.825408268908
5.7 528.97961552531
5.71 530.546370813373
5.72 531.862947533458
5.73 533.638392761102
5.74 536.318758010869
5.75 537.599318204572
5.76 538.06693516009
5.77 538.512301033888
5.78 540.78594274211
5.79 544.114698521348
5.8 546.711446119406
5.81 548.338327552483
5.82 548.397567074762
5.83 548.943186117073
5.84 551.285995885095
5.85 553.525767798483
5.86 553.435820817145
5.87 553.749004012297
5.88 556.777339680552
5.89 560.257152440019
5.9 563.562218710705
5.91 565.11169486931
5.92 566.495162147231
