# Fix print output for fix def1
-1.21856474370746e-16 -0.0329297175111411 0
0.000999999999999833 -0.00485702305018453 -0.0727801434718747
0.00199999999999979 0.257835691162486 0.0255123229365296
0.00299999999999987 -0.137916516554794 0.0831547599934754
0.00399999999999982 0.444645497568002 -0.00388900882114237
0.00499999999999978 0.311238281384496 0.0851617777958665
0.00599999999999997 0.246184651853812 -0.00538459824450723
0.00699999999999993 -0.0568762529353842 0.0843364805035276
0.00799999999999989 0.136898357609918 0.0168370852963096
0.00899999999999996 0.0834741794353771 0.109148264560449
0.00999999999999992 0.128768585715051 -0.0519827408911296
0.0109999999999999 -0.0703714475170252 -0.00758902439142085
0.0119999999999998 -0.444259206687524 -0.0209087337845735
0.0129999999999998 0.0433223134595684 0.0217478230194529
0.0139999999999999 -0.136056486503697 0.0201488588175297
0.0149999999999998 -0.0313312015778005 -0.00952147957832029
0.0159999999999998 0.0364468414081686 -0.0115553673202365
0.017 -0.0777631626931041 0.0663376419072964
0.0179999999999999 0.243827443027309 0.020701949235543
0.0189999999999999 -0.429842535909455 -0.00379258553602901
0.02 0.123725856423727 0.130593064059225
0.0209999999999999 -0.00153176439555392 0.152401959647058
0.0219999999999999 0.0562136801559335 -0.0657099438928932
0.0229999999999998 0.18720697393037 0.0743632885829504
0.0239999999999998 0.249345567046689 0.100040787971658
0.0249999999999999 0.300107621041415 -0.0238412647669628
0.0259999999999998 0.387300365625263 0.120406407852227
0.0269999999999998 0.21875012061774 0.0908197756537883
0.028 0.489432638050061 0.0810202033579308
0.0289999999999999 0.230035494772074 0.0246327534296183
0.0299999999999999 -0.0128327910781296 -0.0015512532808287
0.031 -0.242913240371642 0.122291191009569
0.0319999999999999 -0.347697228776571 0.0497798532831648
0.0329999999999999 -0.202552340412077 -0.0275374606561281
0.0339999999999998 -0.19617177665147 0.0983271076082771
0.0349999999999998 -0.389966209455902 0.0276324277242973
0.0359999999999998 -0.362161114920303 0.0347429436868289
0.0369999999999998 -0.0483774539548489 0.068571628685189
0.038 0.302870950214788 0.0313066000411253
0.039 0.35293664729241 0.157908513965664
0.0399999999999999 0.417722171975648 0.0615612381922733
0.0409999999999999 0.32407020883377 0.104686159985477
0.0419999999999999 0.109321698343298 0.0575604612268283
0.0429999999999999 0.208697823187993 0.117896396145006
0.0439999999999999 0.269360241234212 0.208896169070124
0.0449999999999998 -0.166120138592189 0.0226322099301685
0.0459999999999998 0.0837921506191333 0.0268433369738272
0.0469999999999998 -0.0344284459588556 0.173017830697196
0.0479999999999998 0.298710875596935 0.0406119995858393
0.049 0.195212985575629 0.078568356872528
0.05 0.282413604361505 0.0638993417018427
0.0509999999999999 0.155609140733182 0.124525043595673
0.0519999999999999 -0.0997124050365987 0.0662426134283141
0.0529999999999999 0.12101848242376 0.065124882005467
0.0539999999999999 0.452505045138227 0.092772932447507
0.0549999999999998 0.112468827923689 0.154088299603695
0.0559999999999998 0.0113342071452769 0.111080336916593
0.0569999999999998 0.140958468662479 0.00516037471910591
0.0579999999999998 0.126810813431566 0.0617440473890708
0.0589999999999998 0.0799857983269078 0.0701357099463529
0.06 -0.0679916689216702 0.0903682660397478
0.0609999999999999 0.015414123605209 0.172878435690546
0.0619999999999999 0.301793718938628 0.0546055582654686
0.063 0.375975185390415 0.15554735882382
0.0639999999999999 0.00944334061612612 0.0272403183696507
0.0649999999999999 -0.229373522575849 0.144498564908315
0.0659999999999998 0.0795657655503899 0.214839952474141
0.0669999999999998 -0.0118796731235149 0.190502515594795
0.0679999999999998 0.191724400587309 0.188493785367615
0.0689999999999998 -0.0340557062692035 0.055171500834784
0.0699999999999998 0.0768438665476876 0.00289201435662988
0.071 -0.037497710843764 0.0503812000690905
0.0719999999999999 -0.202876057226552 0.094609185133526
0.0729999999999999 -0.138590631368602 0.0423289950348156
0.0739999999999998 0.148297881302869 0.153231681443971
0.0749999999999999 0.313711579429935 0.114080474096647
0.0759999999999999 0.0461893271658244 0.0310815866117908
0.0769999999999998 0.139657184834703 0.039316375113513
0.0779999999999998 -0.0438723139918292 -0.00389102378751796
0.0789999999999998 0.301141755231057 0.0873903657978675
0.0799999999999998 0.448737359990656 0.157813183062396
0.0809999999999998 0.483513407914281 0.184000463401313
0.082 0.0081443077832252 0.10939514631257
0.0829999999999999 0.101602636795414 0.177018653458655
0.0839999999999999 0.196465428440893 0.151565789421714
0.085 0.0446248347263516 0.16180441495576
0.0859999999999999 -0.00645999217007406 0.178314081972038
0.0869999999999999 0.39010838673439 0.0718849281456232
0.0879999999999998 0.284205129192132 0.188861217707703
0.0889999999999998 0.326807782132288 0.123021711713578
0.0899999999999997 0.342825359753562 0.166133012230601
0.0909999999999998 0.00751047904525123 0.179534526971057
0.0919999999999998 -0.0850190809267984 0.104645519218883
0.093 0.0818308253660671 0.0518905528092539
0.0939999999999999 0.199246035733168 0.132452011055687
0.0949999999999999 0.13248537814739 0.147233522367392
0.096 0.214943807572568 0.150654334297227
0.0969999999999999 0.242255538865541 0.125981832329783
0.098 0.0845826581161713 0.0314139376898838
0.0989999999999999 0.0472353997052164 0.119870148230597
0.0999999999999999 0.114331705386204 0.106779321020244
0.101 0.263869942496568 0.189578891380681
0.102 0.298721774113087 0.148212043817897
0.103 -0.274134870217479 0.227040555106657
0.104 -0.151233985271703 0.128915252212612
0.105 0.0342074019013078 0.109426131463922
0.106 0.382294344870065 0.170657214092655
0.107 -0.0333428941293191 0.174579556104991
0.108 0.124974740907604 0.0401489167844803
0.109 0.241699083981329 0.215501910196768
0.11 0.181020869993251 0.23202439990485
0.111 -0.16177545903025 0.0564772314662616
0.112 -0.203649170842904 0.194746142577843
0.113 -0.0415261010219476 0.164746830985717
0.114 -0.00553050129203935 -0.0269375104751441
0.115 0.113165605088904 0.156151008864179
0.116 0.488724872664396 0.202117772372166
0.117 0.176763673745409 0.140598484610805
0.118 -0.0203264316281948 0.022272763277491
0.119 -0.0561917762868072 0.136499022368536
0.12 0.159018641728077 0.254978998590967
0.121 0.199473415323416 0.0443129050388995
0.122 0.255047288051632 0.232822009130259
0.123 0.11530911416722 0.196937050728638
0.124 0.0378568425556585 0.207559236631887
0.125 0.0620159321473614 0.114090473506149
0.126 0.150007506343401 0.0893942140035051
0.127 0.253632340809125 0.13218203570414
0.128 -0.0945426926596784 0.157327321379827
0.129 0.245248537255316 -0.0460786270566409
0.13 0.321161816521496 0.156260152582981
0.131 -0.206191465023349 0.0308354018744652
0.132 -0.140472127179364 0.0537733635648347
0.133 -0.108579392111877 0.069070933582602
0.134 -0.0536019954585928 0.120834737030839
0.135 -0.0664786715540449 0.138906130774751
0.136 -0.140457721492657 -0.0390972811367004
0.137 0.111654995224921 0.0580487711043838
0.138 0.370282156798717 0.0718939615350875
0.139 -0.0592419597112349 0.0317862014569386
0.14 0.134996515189247 0.044361772074189
0.141 0.007993342917338 0.191278642472978
0.142 0.195241741229922 0.0711888332885115
0.143 0.486844200366317 0.166624650769638
0.144 0.238193855251875 0.144458685988638
0.145 0.0606095714535893 0.0805451878385104
0.146 -0.190632530374309 0.0923419290739935
0.147 0.0692956935648737 0.0553870078909717
0.148 0.197738939967967 0.197158135416833
0.149 -0.0430838204994748 0.156698704575937
0.15 0.301565907514334 0.101899261611639
0.151 0.091889108118899 0.129123613203795
0.152 -0.178533231935006 0.198957182039022
0.153 -0.324671285162317 0.0179441571627931
0.154 0.270845615052097 0.0685061977367293
0.155 -0.00638961576367163 0.183140131008737
0.156 0.417268688794145 0.066733830913379
0.157 0.323878266859026 0.203262335106424
0.158 0.0836010578512555 0.176443399105797
0.159 0.587138560801451 0.177462010804797
0.16 -0.0479881663910886 0.0986246719876335
0.161 0.0407672493273233 0.0898368891504976
0.162 -0.00664409522758189 0.0840655554214804
0.163 0.000455703913112867 0.0804796339166709
0.164 0.145583896623917 0.130406896407653
0.165 -0.150693208603505 0.159492012438291
0.166 -0.0720653716097341 0.000279401230566019
0.167 0.0892241258391683 0.138304382645786
0.168 -0.0353419351419188 0.109543440119392
0.169 -0.0543714451027559 8.92269874819678e-05
0.17 0.332508684739376 0.225083542794017
0.171 -0.0124882815660143 0.147748118335374
0.172 0.115167480012362 0.0442528366929524
0.173 0.242033673372831 0.173357862675878
0.174 -0.0375450190498788 0.033111011980074
0.175 -0.00214704896124183 0.0721525610528739
0.176 0.139568639570788 0.0618120223540854
0.177 0.271707264385065 0.056628860587363
0.178 -0.0703856743723065 0.131575500181287
0.179 0.217416932794486 0.0152334206374524
0.18 0.0835754573403561 0.082309743250844
0.181 0.112503592863563 0.229437057424517
0.182 0.436203612722406 0.119713021780009
0.183 0.0288190553134918 -0.00126182945652263
0.184 -0.0940670722730187 -0.00591479590744551
0.185 0.0812794498535281 0.0562257544330072
0.186 -0.0665344669556886 0.130305719191578
0.187 0.0220208443771056 -0.00558107776259625
0.188 -0.0169489565398627 0.0473097062091752
0.189 0.221304276005771 0.0434040334299771
0.19 -0.116021327982735 0.134108418096643
0.191 0.0728736808304584 0.114722408201457
0.192 0.111272144538123 0.092190780612819
0.193 0.044382052511959 0.157460754325363
0.194 -0.028865033688832 0.124906764186347
0.195 -0.0800792460909737 0.00387031073312414
0.196 -0.0316868264720041 0.132971176995395
0.197 0.0410818482585983 0.0600422593884417
0.198 0.268244758143186 0.0521584300774228
0.199 0.168986838969419 0.298036423655317
0.2 0.0686428998897251 0.0524764002993074
0.201 0.196470391635358 0.0121937578286457
0.202 0.182908525207529 0.152775490035293
0.203 0.0533374380814707 0.0353733311217845
0.204 -0.081037840006971 -0.0805275114265013
0.205 -0.213478367609059 0.152623147960515
0.206 -0.381062744258057 -0.0419826673801227
0.207 0.179215678411892 0.148258464666407
0.208 0.179569014288635 0.152540376361203
0.209 -0.297522249639806 -0.00351159227979234
0.21 -0.0750462404075591 0.171557034392603
0.211 0.156275571814066 -0.0229830300435902
0.212 0.347931648029285 0.181997120764243
0.213 0.0519286593749932 0.204572909499499
0.214 -9.43225137787857e-06 0.0681555871828071
0.215 0.353725622585232 0.0536380281017425
0.216 0.097902562727645 0.14419574499237
0.217 0.20877402230874 0.155737713184357
0.218 0.259767757938214 0.154048218028048
0.219 0.0191650665652902 0.12762094821642
0.22 0.0525455558700824 0.261400553061015
0.221 0.0550374799341893 0.12456301459305
0.222 0.220249277500721 0.20856671402067
0.223 0.294457472050508 0.0917716796877766
0.224 0.30204565299178 0.0869226153646487
0.225 0.205030175480779 0.115028406540413
0.226 0.0299224677664935 0.0688234070233778
0.227 0.186951302730654 0.17183112205391
0.228 -0.232987214611824 0.0565652430335913
0.229 -0.0752371986337603 -0.00574826533200729
0.23 0.119560481086086 0.119206871118757
0.231 0.190659608410338 0.0687563119824053
0.232 0.27217821043174 0.123676950676282
0.233 -0.108608945470484 0.0687541056812784
0.234 0.0729310210167017 0.0749693315768331
0.235 0.288877068963302 0.194459037466841
0.236 -0.220600167272218 0.0229813539784206
0.237 0.0586681763690553 0.135828477271086
0.238 0.386446673881629 0.181525909535723
0.239 0.136633646907255 0.0352973767994018
0.24 0.0734127855029878 0.125856834634773
0.241 0.0740632025316426 -0.0060198526968319
0.242 0.199371217514908 0.124402778402753
0.243 -0.0721267858458345 0.0935207175575809
0.244 -0.206457374750195 -0.0302734306306571
0.245 -0.0841045724018393 0.201483341723675
0.246 0.247137396625012 0.137811548780448
0.247 0.365172102476734 0.0700699494903999
0.248 0.28329986699592 0.177718555899792
0.249 0.599282951381938 0.126079759005709
0.25 0.453138162476727 0.104134346349834
0.251 0.169296717367 0.248786990984974
0.252 -0.131785898518949 -0.0262047651093891
0.253 0.00138255748040709 0.0432662959755756
0.254 0.0309823287850364 0.198708285326511
0.255 0.351464023742241 0.13431713255296
0.256 -0.0624806099999116 0.0921865793457854
0.257 0.221763195079366 0.127220671241997
0.258 -0.0426123987077833 0.0464699018218
0.259 -0.0153811033087377 -0.0667821227171387
0.26 0.0162206354664893 0.166232417796707
0.261 -0.0842646605026282 0.0235229120299924
0.262 -0.0951365628182142 0.104360657119562
0.263 0.152108381962364 0.202762872952007
0.264 -0.0492649415227307 0.144126961347626
0.265 0.0560189196067824 0.0176714389339485
0.266 0.305834865425919 0.163409843709465
0.267 0.106441882802875 0.217431206754725
0.268 0.471665198986332 0.0906838686690365
0.269 0.491601424508191 0.165258830056193
0.27 0.0933694690856053 0.0109563484155626
0.271 0.297766584681958 0.124553500046448
0.272 0.112180349409269 0.0539811028348407
0.273 0.310796553061825 0.158209812774349
0.274 0.24730496720368 0.109498841877815
0.275 0.0687295359316982 0.0253258176110921
0.276 0.0664958353888087 -0.0252114827159553
0.277 0.0948814936942519 0.0607282423685011
0.278 0.300042459833269 0.0160216582113019
0.279 0.213104333012357 0.139217323055783
0.28 0.0142149385917938 0.0307494281866942
0.281 -0.0215365178714227 0.031239830055767
0.282 0.157710890540767 0.130865126453455
0.283 -0.197995074454406 0.167011217559863
0.284 -0.280125500758133 0.0121684900545373
0.285 0.282920926367035 0.180013131434235
0.286 -0.0828689313338737 0.0441749679994248
0.287 0.0170948202635962 0.0306571567611146
0.288 -0.220392741357723 0.0393903694185761
0.289 0.0356483206141321 0.0789594699852741
0.29 0.104747224441543 0.0849882836151898
0.291 0.0690684222401914 0.0505429192062848
0.292 0.249754621471891 0.103757653938336
0.293 0.122486763522926 0.180432711017667
0.294 0.110346146575165 0.166375644980448
0.295 0.222237018173053 -0.0276534929419773
0.296 0.144674114280268 0.0859545098805572
0.297 0.289579376157728 0.0849522331640622
0.298 0.0555406458197909 0.1243512444605
0.299 0.0453100364667545 0.0359913761225849
0.3 -0.0696458880146497 0.20612268138359
0.301 0.0357853063429416 0.154514059794377
0.302 -0.0665125652954836 0.0879273909068489
0.303 0.149782133515518 0.0133068216334714
0.304 0.284310561243427 0.0623020255403455
0.305 0.246384957254348 0.036680043171183
0.306 0.232416580155763 0.0611429906178065
0.307 0.252987803177915 0.171268771711895
0.308 -0.0574827044365475 -0.0930777140461902
0.309 0.176647990767822 0.0197756174599216
0.31 -0.00524425443966482 0.0688870726374139
0.311 -0.101679875707075 0.100221058828563
0.312 0.219600229831077 0.0726081296281908
0.313 -0.0838707678211137 0.108977593030293
0.314 0.0696195385714837 0.172447689670561
0.315 0.219323899761102 0.103096119173089
0.316 -0.141926341801689 0.0699209186254825
0.317 0.284535812113497 -0.030608870872657
0.318 0.200020318957161 0.256762911785769
0.319 -0.0512087868444189 0.12268138908144
0.32 0.0726007531436663 0.0234661937854353
0.321 0.309269216758762 0.0271853312258764
0.322 0.181244200133387 0.173461745864582
0.323 -0.153550742433889 0.00254095216814903
0.324 0.15618436572018 0.153047687186506
0.325 0.088123682262678 0.110952798829339
0.326 -0.182158680540029 0.0334093616488337
0.327 0.233937266159398 0.0863920055137805
0.328 0.0118463847064733 0.0628755544405547
0.329 0.247416318613772 0.0537365720532714
0.33 0.161359935687094 0.166118902658096
0.331 0.0643859758406122 0.099090005661364
0.332 0.0561034543375712 0.0514796536280908
0.333 0.243396534401944 0.146029283158066
0.334 0.447253246075948 0.0908540886191063
0.335 -0.161655298450885 0.0438801774703519
0.336 -0.145981011574782 0.0972871620510942
0.337 0.0798466401653112 0.126571222351379
0.338 -0.218185515330004 0.107205159140699
0.339 -0.122336129656325 0.179089546426917
0.34 -0.0412062904012927 0.129840225491008
0.341 0.132310838672587 0.0272291068609469
0.342 0.205772225667238 -0.0280560430991379
0.343 0.0147473669777313 0.0774400959368633
0.344 0.164442666308546 -0.0312528199293664
0.345 0.142350687706725 0.140970261049123
0.346 -0.087397226537734 0.0460283045899489
0.347 0.0365486021842684 0.0338394408120017
0.348 0.216131919462429 0.0500996601018515
0.349 0.282346283725079 0.061248008551758
0.35 0.194152697275247 0.116725548676421
0.351 -0.183836509548498 0.105333261313669
0.352 -0.141848708047535 0.120522319767568
0.353 -0.328084894328636 0.039463271809309
0.354 -0.0676099115771499 0.0562018756571154
0.355 0.0274002229676834 0.126086590498921
0.356 -0.0115171312669011 0.115630466442688
0.357 0.0724095919529394 0.0368075382392085
0.358 0.221932991178504 0.024931251274977
0.358999999999999 -0.0413427804775285 0.0734859670528947
0.36 0.0163665472892888 0.156076232802567
0.361 -0.108566182489479 0.0141761243539529
0.362 0.14330926468743 0.0292433305513082
0.363 -0.0332347105181981 0.0783129213300984
0.364 0.309121817412207 0.0573008504229981
0.365 -0.055318327075925 0.11179560848781
0.366 -0.18571373808956 0.0502785973387552
0.367 0.0760645018904127 -0.00334824076436394
0.368 -0.0377955785396477 0.0651021091882311
0.369 -0.244113613841086 0.107403913990292
0.37 0.120103243672208 -0.0202434955303331
0.371 -0.164296590238882 0.161041991677557
0.372 -0.0431478213749077 0.0541730774718643
0.373 -0.0739993764399063 0.0656678527778558
0.374 -0.141277035348801 0.0755071868024068
0.375 0.0814175745598391 0.195300582763129
0.376 -0.0626069123082074 0.183154533697289
0.377 0.088352873947638 0.145367610274265
0.378 0.253467554407784 0.162681825105901
0.379 0.0325685194600386 0.118545543239613
0.38 0.0901822116893906 0.159622632968773
0.381 -0.172057782164794 0.0997745274929682
0.382 0.0527382242730607 0.00901699854441746
0.383 0.0806786432076289 0.134933691743522
0.384 0.0239463317075588 0.00150716581442091
0.385 0.116728941726996 0.0405046180062531
0.386 0.0418350864557796 0.179730701138439
0.387 0.232988366381588 0.0698049234629334
0.388 0.248987331836119 0.215360139155259
0.389 0.0163520615161869 0.149533946896595
0.39 0.146804668228204 0.135293583765646
0.391 0.0356569926314959 0.1811081342261
0.392 -0.169589514844705 -0.0267462496768366
0.393 -0.0792342593249158 0.0210031685472879
0.394 0.320983094516211 0.0550891821535847
0.395 0.112098068109813 0.0864455381918817
0.396 0.230179769220099 0.128524461766428
0.397 0.0301238703216664 0.0783615654566104
0.398 0.142899944311299 0.0592075716155145
0.399 0.420730399367753 0.09905717067843
0.4 0.349778123647407 0.185954304806546
0.401 -0.0510163902789353 0.132917207540716
0.402 0.118964597426272 0.164316241591266
0.403 -0.0542047425449882 0.0762576284761173
0.404 -0.153848592781722 0.1276326348634
0.405 -0.230901258918656 0.162640332652163
0.406 -0.157493082555985 -0.0261885324146414
0.407 0.00762088780364367 0.0291354043349503
0.408 -0.19267137422176 0.185578924302281
0.409 -0.0774704745632356 0.109837787204066
0.41 0.142438317026467 0.0381110452640698
0.411 0.185036174722609 0.272030441692881
0.412 0.485848768232183 0.089962470356776
0.413 0.207380450310333 0.0925804475759347
0.414 0.104786972772091 0.0103157257715081
0.415 0.292716945474294 0.170444921210015
0.416 -0.066825569046136 0.170736607451431
0.417 0.0346466570392098 0.0817377032654661
0.418 -0.128429644893827 0.0110285430988395
0.419 -0.0857228547671265 0.1413855430035
0.42 -0.196147565329885 0.0702672224012054
0.421 -0.139101712552226 0.065747085412197
0.422 -0.13150680668619 -0.128036646246694
0.423 -0.0919278932558154 0.0306631204152206
0.424 0.246937959500276 0.147223301523284
0.425 -0.0684150212868048 0.144866663288894
0.426 -0.0720294837199421 0.113498986927358
0.427 0.0221923405177402 0.0455262915415295
0.428 0.245290727709507 0.161826258417523
0.429 -0.124217977024816 0.148649590728055
0.43 -0.185611782037734 -0.0626418067527503
0.431 0.157691162433978 0.116481354602747
0.432 0.138811198177008 0.131086367442124
0.433 0.2474404442603 0.102915656046767
0.434 0.381651000289214 0.198232308203588
0.435 -0.100938736289773 -0.0298280236290148
0.436 0.137385675403494 -0.0346401442377651
0.437 -0.0517873225637836 -0.0386912899658971
0.438 0.182039486123153 0.102170309613242
0.439 0.300080547693572 0.194182067881245
0.44 -0.303667821190998 -0.0193188326073082
0.441 0.230619481771372 0.123732736290923
0.442 0.149936580389667 0.203966086758752
0.443 0.246629589987309 0.147745477682549
0.444 0.29604372545355 0.123745475013923
0.445 -0.26544871753652 0.116190754562147
0.446 0.422249275899611 0.193162622722275
0.447 -0.224311582680387 0.0831785451208233
0.448 -0.0906633627507036 -0.00319222605099046
0.449 -0.033854938584096 0.132704299952845
0.45 0.0636611091316876 -0.00608296547205646
0.451 0.24723397648874 0.13240440459774
0.452 0.214717848026299 0.120137066562738
0.453 -0.010572960765126 -0.0207410774032733
0.454 0.196453673478585 0.141949504544698
0.455 0.054033524461339 -0.0366139316667781
0.456 -0.0149130265688911 0.105876210358328
0.457 -0.236761452333337 0.00383002634631351
0.458 -0.203847781911122 0.101350819260957
0.459 -0.196442876479387 0.0457669630445613
0.46 0.056253429710406 0.0496981375658118
0.461 -0.0431057214144351 -0.0178027252881136
0.462 0.0607160312163255 -0.0366860163293285
0.463 0.0902311120519477 0.043562111704127
0.464 0.0843049645781639 -0.00420454182904092
0.465 0.27430117037779 0.0948694440570027
0.466 -0.00869022333406268 0.000132088719212433
0.467 0.0323850564060716 0.0707267022448074
0.468 0.369047650296962 0.165771971881186
0.469 0.315084091502987 0.219398016337955
0.47 -0.00360054993426234 0.0138582130454988
0.471 0.227704825383925 0.177728480973766
0.472 0.124894359521566 0.181326508385002
0.473 -0.0881823228991212 0.0368165703441937
0.474 0.157186435850049 0.0935619656800557
0.475 0.117739514318408 0.165077440298489
0.476 0.014008116053722 0.135610458583487
0.477 -0.00674529350844357 0.0448173515837954
0.478 0.11330810850072 0.131111520893295
0.479 0.0472511836719106 0.098316655874016
0.48 -0.0961147692209779 -0.00406256800781331
0.481 0.233692941686926 0.0514490681429518
0.482 -0.206487134793076 0.133321964059832
0.483 -0.0750187446610746 0.0962445197106631
0.484 -0.106760209654454 0.125649793683241
0.485 -0.07619928826404 0.165853165333231
0.486 -0.0758669106665419 0.127279052338811
0.487 0.0548677561597923 0.0178335918045557
0.488 -0.154501439294642 -0.0234979097002004
0.489 0.140648697100233 0.0568677076561854
0.489999999999999 0.0628587631562071 0.0725619996785191
0.491 0.19532621128747 0.106164164277197
0.492 0.118940510557993 0.152624998151775
0.493 -0.00581847406678076 0.180308322576461
0.494 0.409433985394065 0.200689545513988
0.495 0.193687212309762 0.220457657043423
0.496 0.00340244848466045 0.224262057987175
0.497 -0.0381784724342227 0.0396242500648
0.498 0.161201797809072 0.0849224749504901
0.499 0.102373137367628 0.114330331275224
0.5 -0.0860661449722162 0.109880628418162
0.501 -0.103417248646329 0.0626060048952198
0.502 0.102439301812066 0.0893047081503107
0.503 0.129730825618544 0.216143764637805
0.504 0.183882599488737 0.0631467520394649
0.505 0.244206018376647 0.0525649635220553
0.506 -0.0174341632892865 0.0608206234237161
0.507 -0.248416241662254 0.0428956314305035
0.508 0.191705166553748 -0.00718475354082486
0.509 0.280188671449398 0.208395993930757
0.51 -0.100253152459083 0.0187660278585107
0.511 -0.164619450251805 -0.0807822084647912
0.512 0.194292243001854 0.123951722046972
0.513 0.127790882453584 0.0479342560906969
0.514 0.115643476277442 0.147027656732278
0.515 0.154123116447628 0.0741831152230824
0.516 0.0809850110577585 0.0968440455692536
0.517 0.351025383683978 0.125044371027652
0.518 0.266990401246735 0.080293426175812
0.519 0.0621131271943961 0.0243995145015003
0.52 0.122194581552684 -0.0313884187734831
0.521 0.17767283878113 0.087087725406003
0.522 -0.0446904002609883 0.0382181572182679
0.523 0.00610485981739121 -0.0493340083942556
0.524 0.206792995408693 0.0475933231192368
0.525 0.0407082595987944 0.232488724439292
0.526 0.0108387919558558 0.00337155760174073
0.527 0.109232121598202 0.242703011285035
0.528 0.16095684785995 0.0662927401796032
0.529 0.319655325697513 0.130027556191218
0.53 0.0692649559016086 0.0945784305503165
0.531 0.028748135703803 0.149658379716245
0.532 0.184660880495107 0.103742181422738
0.533 0.158859164084105 0.133896598624694
0.534 -0.292902877646103 0.0524150174939383
0.535 -0.0860236133588563 0.104950791174953
0.536 -0.270165262202419 0.0390167350696203
0.537 -0.0975068594613941 0.146733144268703
0.538 0.309600426758661 0.0733237404655598
0.539 0.29605089194527 0.12519693927984
0.54 0.0278671601827732 0.0276076839955649
0.541 0.219328074235872 0.0826815849508232
0.542 0.235061363858765 0.246787612449449
0.543 -0.0625761932740084 0.0551702293571841
0.544 0.344132639945106 0.127381827174373
0.545 -0.0830016094899042 0.0945571673763771
0.546 0.218095702532477 0.19054050037599
0.547 0.0404798390688431 0.0630140894432924
0.548 -0.0330829072238544 0.0172441471357461
0.549 -0.0169843414191078 0.0303575287770258
0.55 -0.110964652464308 0.0584818890785491
0.551 0.156875945297067 0.146612139432001
0.552 0.0792486487429976 0.248320939212841
0.553 0.0615566287161688 0.0826882349571913
0.554 0.0591822477875366 0.197568204997323
0.555 -0.0152124517420052 0.124126001680779
0.556 0.0603332349288587 0.0632401591171745
0.557 0.261983569622286 0.153438688193058
0.558 0.159649367217653 0.156343135332566
0.559 0.366919586368361 0.0980306742453491
0.56 0.28076561960229 0.0421077524957575
0.561 0.185116052066165 0.203217748783893
0.562 -0.110341570455569 -0.011439999671609
0.563 0.179482408161258 0.0392163845512055
0.564 0.250083295564123 0.121720099234012
0.565 0.108011326488423 0.0951112634404116
0.566 -0.0606582723804817 0.114568022783968
0.567 0.334001924246287 0.16145113473353
0.568 0.21798738231951 0.103344613138585
0.569 0.0830354234270334 0.0403110538431266
0.57 0.0318807848304002 0.12348313070432
0.571 0.0321328716193447 0.202783391097386
0.572 0.0431100204041199 0.235509797641877
0.573 0.106015911155182 0.16719520811713
0.574 0.114838452381049 0.14993071480765
0.575 -0.193523815418674 0.0465478059293276
0.576 0.0477132896883161 0.0968124291157021
0.577 -0.000531116130005755 0.135705020414965
0.577999999999999 -0.185979319906386 0.0912957610088226
0.579 -0.106057373760086 0.128666782767404
0.58 0.234506789239533 0.16694305361091
0.581 0.272127912344 0.146656460430679
0.582 0.449667637456482 0.239434824610085
0.583 0.0137511123417022 0.129709130760003
0.584 0.263985447785549 0.135199369018642
0.585 0.260512526632938 0.201128063283812
0.586 -0.114155821282877 0.0687633824355282
0.587 0.177940546084115 0.105095308513725
0.588 0.0735694540495757 0.213512323626391
0.589 0.167631390949191 0.0881348940015428
0.59 0.249304062184472 0.201553516428516
0.591 0.126475522957341 0.262381526946359
0.592 0.0880498085926577 0.199145444227912
0.593 0.14329518193911 0.194348446700896
0.594 0.166889969474117 0.0860809547906243
0.595 0.112126860503056 -0.0180494903671894
0.596 0.595396856045642 0.195012747704652
0.597 0.426502528712786 0.187307285300796
0.598 0.0154885158031526 0.184942220186403
0.599 0.0436227803588645 0.107739915052379
0.6 0.130443065751368 0.146369534614691
0.601 0.238457297981731 0.0495649997722454
0.602 0.230693491289381 0.057596020168517
0.603 0.393339667955106 0.223072430824891
0.604 0.281797256204027 0.0604834832329718
0.605 -0.0109194457941767 0.054906585035437
0.606 0.118491190940971 0.132778325940444
0.607 0.026698739818298 0.0642988908798816
0.608 -0.0225903309099125 0.118680367194309
0.609 0.262936947100928 0.220297000388007
0.61 0.0500644800834625 0.121449512663832
0.611 0.194441051435803 0.150598627306869
0.612 0.304371231377459 0.199060522362275
0.613 -0.227184402010475 0.137856815480993
0.614 -0.219177132399055 0.0252758024565655
0.615 0.274947104375503 0.088022045726653
0.616 0.310798092978915 0.267695651648014
0.617 0.113852007864608 0.221907218876245
0.618 0.289289332261446 0.23958530780637
0.619 0.13772194820417 0.0489105656609251
0.619999999999999 0.300570320487852 0.146801919897889
0.620999999999999 0.0572962415064801 0.20023837295354
0.622 0.180862250910576 0.185655761057921
0.623 0.403235885104641 0.162077593288731
0.624 -0.0796333025503027 0.0839009144660917
0.625 0.14381778825663 0.00621016604118765
0.626 0.119893177696491 0.234699680646442
0.627 -0.044371466662939 -0.0383830665916834
0.628 0.0598856063828026 0.138846021029223
0.629 0.0382339499994646 0.119120284276713
0.63 0.31056162423651 0.150875227969244
0.631 0.250596384002954 0.192418398867297
0.632 0.0610557689126002 0.166136634333672
0.633 0.203085669898643 0.114709668485771
0.634 0.253618051156717 0.0709283950441185
0.635 0.289643321345821 0.0838856091030463
0.636 0.158906174803767 0.274294802558071
0.637 0.381140992506386 0.18790131949541
0.638 0.332154709217427 0.234951398583152
0.639 0.130361597554962 0.16902155739994
0.64 0.129880283352091 0.280440927352986
0.641 0.0885933291788966 0.089178604352482
0.642 0.311470805568347 0.178331167487482
0.643 0.2550492701075 0.181718079287208
0.644 0.0351570080651435 0.148721082992223
0.645 -0.181751172943957 0.258881172221491
0.646 0.110256510640467 0.0954192004248596
0.647 0.140410265799941 0.24036344770222
0.648 -0.215182154376203 0.0758404753036837
0.649 0.390929428312336 0.00245611269456526
0.65 0.388261851915677 0.313694258461211
0.651 -0.158788789466312 0.188465040506204
0.652 0.300786238085355 0.100272987510727
0.653 0.381219411073398 0.296818136131828
0.654 0.029993387042186 0.0824501282139135
0.655 0.304308968909825 0.0788008376005326
0.656 0.27530576294898 0.122737408487213
0.657 0.516259238200973 0.0838192708952473
0.658 -0.00725431074356382 0.0983116347549374
0.659 0.262155015227597 0.0580543507829788
0.66 0.463998812009309 0.223273582075662
0.661 0.0753024140234087 0.0914766025090398
0.662 0.232768583619005 0.216346760410175
0.662999999999999 0.00834833106082211 0.249438040388064
0.664 0.114713213361172 0.0946280351351264
0.665 0.181632626374307 0.238870278435728
0.666 0.243799056387815 0.266321368013088
0.667 0.287210772263041 0.00768280612273033
0.668 0.29108480732866 0.196573226408189
0.669 -0.239356602917792 0.00779287340255674
0.67 0.11085969468093 0.140939252089271
0.671 0.0998597322121925 0.0812180176710287
0.672 0.311817890625968 0.210360322832104
0.673 0.202565115745711 0.126635666184199
0.674 -0.271262687500365 -0.0637736017185758
0.675 -0.124590409265306 0.123185790454929
0.676 0.353503299122655 0.130517071714817
0.677 0.0603923407728209 0.189098868540705
0.678 0.14733692145417 0.142258279824876
0.679 0.213996088339673 0.199735547741859
0.68 0.292514710751651 0.199146960241762
0.681 -0.103907541966802 0.102237432191117
0.682 -0.415907765318765 0.07063794674449
0.683 0.142190203539365 0.0274482725426614
0.684 0.517553769441711 0.29371002922473
0.685 0.0197042761318557 0.168814143723068
0.686 0.0862313337567615 0.140375525689433
0.687 0.209898988717943 0.156742313835305
0.688 0.0822299287989163 0.0529787406073141
0.689 0.344695313334958 0.12662771917895
0.69 0.116638645766819 0.229504705918498
0.691 -0.0651733259290838 0.114650715321624
0.692 0.338989226104025 0.181557793635821
0.693 0.030931863732659 0.14069701715108
0.694 0.167786359122533 0.116543920819197
0.695 0.439074862480843 0.0792776439214994
0.696 -0.018205134773084 0.184995322403555
0.697 0.000466223966324572 0.0961947287194055
0.698 -0.315131689375711 0.0625285653499175
0.699 0.0615410593350382 0.0132201358398944
0.7 0.104900726091868 0.118585005889786
0.701 0.328431101344895 0.185656520752857
0.702 0.445566744980589 0.28459915767223
0.703 0.100603764867266 0.103024235840442
0.704 0.0645234684932469 0.157919166544888
0.705 -0.0104038783724685 0.167727376944184
0.706 0.102548904414709 0.0874644305206718
0.707 0.396346994212963 0.241327269390123
0.707999999999999 0.249610778224782 0.118135514393719
0.709 0.136492101216855 0.0771721647247091
0.71 0.0271362778034292 0.170202327036706
0.711 0.0891470488868141 0.246329439962005
0.712 0.238216385884267 0.245785168783225
0.713 -0.210736144275051 0.0763777199424804
0.714 0.349254073136435 -0.0148968925088766
0.715 0.520374266951399 0.164854507822617
0.716 0.366635048382965 -0.0199982640757972
0.717 0.266879258784682 0.220145152289535
0.718 -0.119658039349432 0.196860136895518
0.719 0.224744264035474 0.00963704824230235
0.72 0.343999908514709 0.262795827941808
0.721 0.196713137246281 0.0798972064447314
0.722 0.177748771425982 0.0714106477411283
0.723 -0.14409268747696 0.0749642923268356
0.724 -0.00370770812480211 0.143040230545198
0.725 -0.0626221287076607 0.252762090149089
0.726 0.0929242338119723 0.0790294259743489
0.727 0.285983170835832 0.132093550783693
0.728 0.169738046388541 0.134983738789749
0.729 0.292622509284465 0.10123664034752
0.73 0.353727239522695 0.202214195863114
0.731 0.258008886886743 0.189131986543348
0.732 0.268911122030077 0.222086501913572
0.733 -0.199799568012139 0.188220932688523
0.734 0.0397279858034862 0.0440515989727099
0.735 0.147570658120654 0.165538297442494
0.736 -0.140220535363102 0.15505201192752
0.737 0.196919277287009 0.176504755154299
0.738 0.0704727430749055 0.108651464161143
0.739 0.447868209984103 0.228029982468403
0.74 0.139135900161417 0.186744764432755
0.741 0.288988225433277 0.0938298069661246
0.742 -0.0174107640542563 0.0906257483905955
0.743 0.20576944603059 0.22323799916725
0.744 -0.0622742422191099 0.108957510145878
0.745 -0.0191375376643876 0.106030811680592
0.746 0.510658594191267 0.293930145801959
0.747 0.17815667772347 0.185965259116166
0.748 0.495679817686256 0.199227367877185
0.749 0.164784046382822 0.289172792497098
0.75 0.193220531554675 0.0843512530294777
0.750999999999999 0.32604278332807 0.225672700245986
0.752 0.209371611186705 0.315233270990598
0.753 -0.102365828801578 0.13693314177319
0.754 0.571022117043926 0.200450692502601
0.755 0.339104166004605 0.231741622101015
0.756 0.10978266532703 0.108225541784639
0.757 0.163438903238092 0.0295996245124328
0.758 0.142189360038409 0.172350404849629
0.759 0.242327191402195 0.198901006170297
0.76 0.0886423765430039 0.156336208064133
0.761 -0.000857542471043501 0.0223993427669638
0.762 0.428876855892149 0.23485796566223
0.763 0.269924896451585 0.327446653552932
0.764 0.402435837599749 0.0954632399358617
0.765 0.0101389180698117 0.198515002559268
0.766 0.163231031645049 0.233391426150245
0.767 0.179791845039785 0.146925154622089
0.768 -0.132840343353489 0.03489694004169
0.769 0.0410530154243129 0.112417772055493
0.77 0.058709634670454 0.161041374954262
0.771 0.19122306074291 0.209917369192422
0.772 0.18031806679573 0.251454278047602
0.773 0.259654574638585 0.151812194477856
0.774 0.363518191605072 0.32680067770223
0.775 -0.154917951351625 0.276091057823556
0.776 -0.0717296835037877 0.106168553342918
0.777 -0.134890471618393 0.0390624056551745
0.778 0.0724296675349003 0.114366318910721
0.779 0.127531897486676 0.141228847759538
0.78 0.109412794683999 0.185719265497089
0.781 0.304357331862539 0.180177102439843
0.782 0.0207241435084905 0.129320474088852
0.783 0.27237559151409 0.18661518849195
0.784 0.225713234683096 0.206067822955938
0.785 0.0174495700366328 0.182943935348732
0.786 0.104985930176645 0.0961475839380752
0.787 0.224203488605523 0.0516140597736597
0.788 0.0952495487348036 0.132237531236487
0.789 0.449743299518286 0.177338904980172
0.79 0.286299483640013 0.164699685248505
0.791 0.276075722766184 0.139876204829907
0.792 0.00991967285168961 0.300434068143144
0.792999999999999 0.202063731767103 0.163899135363346
0.794 0.253550969735344 0.0916836561711042
0.795 0.258667513361633 0.191049222528491
0.796 0.179495350511198 0.140893348084163
0.797 0.24276647539025 0.121304280466194
0.798 0.0109915049661068 0.0912470831633594
0.799 0.353904986485535 0.265754566547212
0.8 0.187217504577572 0.153942061592138
0.801 0.00683002152069374 0.094119152007407
0.802 0.399297810091423 0.166315758504295
0.803 0.21058800468118 0.260824136987627
0.804 -0.224811636088936 0.0566789126515119
0.805 0.0990173528384598 0.0245947521126739
0.806 -0.108724999429217 0.174182097990103
0.807 0.177278795960427 0.0138962083066882
0.808 0.214165946398229 0.145334113738347
0.809 0.0267986297351169 0.0381898615281924
0.81 0.121393488234399 0.138609340989465
0.811 -0.0321784488313321 0.105172432619554
0.812 -0.208657368642572 -0.0553298779602127
0.813 0.40385510406836 0.22212356727586
0.814 -0.0551732948612031 -0.00285987377385646
0.815 0.211030568358675 0.0847570997949871
0.816 0.370824944534262 0.277554846742144
0.817 -0.00525758340542394 0.112144162648957
0.818 0.439782307120879 0.223254985873894
0.819 0.219550260429345 0.332757619824433
0.82 0.212485725506521 0.133697345379189
0.821 0.0756444735408435 0.267824863142112
0.822 0.137709559412294 0.278855342489949
0.823 -0.0925345323793476 0.0253542500181107
0.824 -0.164557823966522 0.0104526376932058
0.825 0.19140841911321 0.172468451664415
0.826 -0.0884359258687921 0.092919772071325
0.827 0.363268016188017 0.147315672366924
0.828 0.223373428098186 0.167131530753593
0.829 0.52293953106577 0.22706764479969
0.83 0.279862944777554 0.22487386307781
0.831 0.109451133301812 0.230899213222718
0.832 0.15077332642768 0.125835421783727
0.833 -0.146267131755262 0.163251104297393
0.834 0.177829966083819 0.182921918070031
0.835 0.319228518006373 0.243539823322294
0.836 0.351398318143817 0.166859292594378
0.837 0.115146085954935 0.292480248955769
0.837999999999999 0.428176479175902 0.148147500686503
0.838999999999999 -0.0394652465139427 0.150743749162037
0.84 0.0990409107462749 0.113196969710043
0.841 0.118142039453895 0.119160222905964
0.842 0.372908738273291 0.0636287355173495
0.843 0.330942519183727 0.148642600513739
0.844 0.138049989112596 0.216142770233929
0.845 0.0633453486455862 0.133239372200476
0.846 0.0263063557719031 0.227615738602579
0.847 0.0913943236839107 0.179321321398475
0.848 0.231443263345221 0.203709425754162
0.849 0.191360357184484 0.236374056286951
0.85 0.111811873142289 0.0964441614494309
0.851 0.332912727384313 0.144260616550929
0.852 -0.0398022854402033 0.102400305451436
0.853 0.0779510322629278 0.141483983530351
0.854 0.167597041370939 0.209719069419721
0.855 0.148049947395907 0.0892245999519258
0.856 0.152130191766778 0.246405062626008
0.857 0.160796450414501 0.218618820164759
0.858 0.0653435548286185 -0.031561388101834
0.859 -0.0172948225191673 0.0914539268562525
0.86 -0.0272147622782061 0.187014534027519
0.861 0.0976482878521627 0.170009816633341
0.862 -0.196068949555331 0.15442952788
0.863 0.26540094508499 0.171950959662999
0.864 -0.0889260544013941 0.238593880916465
0.865 -0.197409900741652 -0.0789369154190841
0.866 0.438126005857468 0.126670065455404
0.867 0.168564225789856 0.281371667928126
0.868 -0.129814778930676 0.14262506780996
0.869 0.102318811477472 0.250124229831089
0.87 -0.105865769958191 0.136025505049149
0.871 0.317594780254923 0.0743794003638221
0.872 -0.235221539083239 0.122441140923341
0.873 0.305556690250639 0.060217991399556
0.874 0.705000513691546 0.305737038022457
0.875 0.0602279933986288 0.076072094754682
0.876 0.180515589422506 0.0488622656966416
0.877 0.384771839466408 0.22107491161119
0.878 0.0193707285665521 0.116124884265987
0.879 -0.137594264014715 0.0556354791677553
0.88 0.0336178356212265 0.0877326369129106
0.880999999999999 -0.094044346472161 0.214785740484566
0.882 -0.0759641792988808 -0.0169396143145062
0.883 0.0120910899240693 0.0640577256874829
0.884 0.023708455866288 0.0387260673374582
0.885 0.0703914568115582 0.278687307979326
0.886 0.129857472746349 0.17612380210813
0.887 -0.0279652043750936 -0.0215382749006137
0.888 0.0247897998646659 0.201632257474588
0.889 -0.0443943054365383 0.126075577440893
0.89 0.231153022956213 0.0726018800057202
0.891 -0.244968924653899 0.0129908826003406
0.892 -0.14777313110194 0.156489164289397
0.893 0.16107713784441 0.104822056956516
0.894 0.0592007711709175 0.0951268610166466
0.895 -0.15580240923534 0.124070024941744
0.896 -0.0236856910578631 0.186679858332072
0.897 -0.0311633507601654 0.204504465858903
0.898 0.346436675155575 0.224392910394142
0.899 0.0527048152854663 0.0874720621731686
0.9 0.358829685263434 0.0911214494308094
0.901 0.649337785660406 0.167821559168012
0.902 0.344544834239845 0.250005292539178
0.903 0.290528853912301 0.0553315121604091
0.904 0.082288016893237 0.125045362636771
0.905 0.186278617739577 0.199249166146731
0.906 0.0589803316304272 0.22182792905425
0.907 -0.0444103098047235 0.168844269903204
0.908 0.0632186388303678 0.0222822257477425
0.909 0.254361338175243 0.155599983699282
0.91 0.353534540288623 0.158365013999672
0.911 0.15274538814402 0.186863952786283
0.912 0.288620858189543 0.106159848341395
0.913 0.335016449605012 0.155581210034705
0.914 0.447558299574897 0.151602870839887
0.915 0.216900534622415 0.135366777184302
0.916 0.228699907404328 0.229441544981528
0.917 -0.143151344609448 0.085411308180431
0.918 -0.0198640862783416 -0.077592665908382
0.919 0.184795191578418 0.121791652050851
0.92 0.10711760346571 0.204550128394789
0.921 0.139857232887006 0.166791195857363
0.922 0.205509867146655 0.127386938383201
0.923 0.0460136326842056 0.136898741962328
0.923999999999999 0.291696254906753 0.0565075000922215
0.925 0.152811811444569 0.0902189920129308
0.926 0.125020838507439 0.10573452739454
0.927 0.0943072262413467 0.227128643219355
0.928 0.0819137777612926 0.148388902251217
0.929 0.325154633607585 0.20385908411585
0.93 -0.215117386902595 0.156713085133581
0.931 0.00249817066769354 -0.0689096290725629
0.932 0.176619929790302 0.176076118503561
0.933 -0.0799011140066892 0.0280421225361409
0.934 0.353315563682012 0.117505144654806
0.935 0.241630965962847 0.303715603597052
0.936 0.526350415647033 0.117575789178506
0.937 0.245149613316412 0.263445019703992
0.938 0.481669707200474 0.225423832989901
0.939 0.351901537026425 0.156468082810515
0.94 0.158748460659907 0.260439960416875
0.941 0.304385331508161 0.326989130370942
0.942 -0.00873062438362657 0.0996897712694737
0.943 0.279869568133632 0.0931652528614231
0.944 0.202371301222625 0.248128322086629
0.945 0.45334716156451 0.224748884829236
0.946 0.416531880592197 0.211676971503949
0.947 0.0540630878199264 0.207230035047256
0.948 -0.178484648332816 0.0036257388864224
0.949 -0.0808522644099823 -0.00329166677542179
0.95 0.108953429907415 0.14829449400909
0.951 0.0187211467978675 0.191006781912572
0.952 -0.0751003251720048 0.085740825444221
0.953 -0.0358055082335982 0.010190613896706
0.954 0.266085022847099 0.058375160491267
0.955 0.345575503115682 0.228035310819633
0.956 0.32089518455566 0.266689492614049
0.957 0.222910543051078 0.220738526934176
0.958 0.499128500432062 0.214158734273398
0.959 0.360171918333428 0.246465232953853
0.96 0.0505079309688584 0.166570398692526
0.961 0.272313438258661 0.111087143161172
0.962 0.463227426382987 0.345851735158916
0.963 0.13431460579693 0.197304657595187
0.964 0.366996612464534 0.273032182040163
0.965 0.202759911741441 0.321169561118419
0.966 -0.0735499161219878 0.175174713871404
0.967 0.268568294239381 0.132142326725883
0.968 0.171787594003838 0.258481931678462
0.968999999999999 0.0439496654411554 0.071618982222913
0.97 0.38711118520032 0.130318016360281
0.971 0.0396816058888311 0.131143442422367
0.972 -0.0777272348532285 0.109557988804754
0.973 -0.0203657378134706 0.0885174112538961
0.974 0.12351017124313 0.205645584707698
0.975 0.18056999376393 0.107863796668328
0.976 0.241192334181212 0.140778175640593
0.977 0.274034375309894 0.0136035956927567
0.978 0.220750250639266 0.179020885349175
0.979 0.432702150524201 0.197239113107839
0.98 0.0689193268906556 0.16799498246378
0.981 -0.0817809659069212 0.0976498986262588
0.982 0.260027431491388 0.260388421355181
0.983 0.0685740849534049 0.21102586477683
0.984 -0.186009350874555 0.110322116626551
0.985 0.2960464713478 0.09585038406952
0.986 0.180143019289046 0.125721220301244
0.987 -0.148204614029923 -0.0060383592930463
0.988 0.2886967264957 0.206608289775173
0.989 0.0553582200497897 0.19512460788116
0.99 0.0361381514882711 0.0219322393197455
0.991 0.178635930604646 0.00503832191161943
0.992 0.256831890487877 0.179000914637618
0.993 0.14764826548776 0.110988210092138
0.994 0.119625797062598 0.0684645518288205
0.995 0.465575730681966 0.248696631873586
0.996 -0.0660379462563281 0.0776667275170278
0.997 0.0428565268266476 0.00119077694959629
0.998 0.235945569663976 0.131264105996894
0.999 -0.0182619331175283 0.22539883577489
1 0.0646457073635211 0.124071387958642
