# Fix print output for fix def1
5.98864073561336e-16 -0.280383513283504 0
0.00100000000000049 -0.0450289448841401 0.113652085052262
0.00200000000000051 -0.0467511759252803 -0.051917949376023
0.00300000000000064 -0.089798131477603 0.0072197322500879
0.00400000000000066 0.44955239571402 0.0251662530006364
0.00500000000000055 0.251469721165011 0.0952058553120865
0.00600000000000057 0.039908797358139 0.0187290080311768
0.0070000000000007 0.0593122614480422 -0.0149586464392444
0.00800000000000072 0.508470623593055 0.022956152210377
0.00900000000000061 0.212902811556101 0.133471587524465
0.0100000000000005 0.435642223702291 0.173401135169118
0.0110000000000005 -0.0446548157233157 0.0343179136010025
0.0120000000000007 0.370158732214753 0.107364801540444
0.0130000000000007 0.0220528848547592 0.038350906438273
0.0140000000000006 0.0886602532405429 0.0859592642446424
0.0150000000000006 0.0214668300043176 0.158358663579448
0.0160000000000007 -0.166397110302578 0.0805804969734213
0.0170000000000006 0.0666559614401054 -0.028152447716816
0.0180000000000006 0.361159865318997 0.0868293711053839
0.0190000000000005 0.311075096984452 0.239555544109561
0.0200000000000005 0.286005510152438 0.0812251623125135
0.0210000000000007 0.220721080204514 0.215244587890339
0.0220000000000007 0.113520790644671 0.0717470962491464
0.0230000000000006 0.0121522754887945 0.0642933568469884
0.0240000000000006 0.198740431170548 0.0753919984845544
0.0250000000000005 0.339360186559898 0.163383146787802
0.0260000000000006 0.095493898570337 0.186678074654205
0.0270000000000006 0.0201268745609218 0.194470695378961
0.0280000000000005 0.346542907926904 0.181940342864765
0.0290000000000005 0.465368945985968 0.257337060600742
0.0300000000000007 0.221464219914008 0.135221827302426
0.0310000000000007 -0.109308998847825 0.130029464641966
0.0320000000000006 0.0844025340566433 0.0987843962768996
0.0330000000000006 0.442489011455947 0.274468321398841
0.0340000000000005 0.312765595567461 0.169507707372088
0.0350000000000006 0.201888679721617 0.0972360553606397
0.0360000000000007 0.407694063649008 0.216598527804269
0.0370000000000005 -0.103977593722671 0.122701046351472
0.0380000000000006 0.416062945853585 0.237469654078617
0.0390000000000007 0.304704862274356 0.172695337876278
0.0400000000000007 0.33222876837791 0.120434484682893
0.0410000000000006 -0.0619640248055563 0.115140620129954
0.0420000000000006 -0.0319101797930224 0.210452466110491
0.0430000000000005 0.416902204283138 0.307085810530647
0.0440000000000007 0.0512306277993516 0.160869705770777
0.0450000000000007 0.432461817867136 0.182744142332725
0.0460000000000006 0.247776448056742 0.197540430977221
0.0470000000000006 0.408144672602045 0.14807139733228
0.0480000000000007 0.165811388139427 0.353893587834821
0.0490000000000007 0.0292816363248063 0.122876206954561
0.0500000000000006 0.481018219189118 0.176009020304239
0.0510000000000005 0.311348572849466 0.169070024894104
0.0520000000000005 0.28342467437082 0.207232395857155
0.0530000000000007 0.389850104937281 0.184108365946312
0.0540000000000007 0.449406977427067 0.218593506260171
0.0550000000000006 0.423905747702904 0.304938553933134
0.0560000000000006 0.181233712970619 0.311591758787106
0.0570000000000007 0.363149552638067 0.331657585396008
0.0580000000000007 0.0140844975000241 0.200708595016726
0.0590000000000006 0.110831224622354 0.29588970151098
0.0600000000000005 -0.0362858791926641 0.182403456745557
0.0610000000000005 0.327881335946351 0.344105947272347
0.0620000000000007 0.119302321994387 0.191172906064188
0.0630000000000007 -0.219594997081085 0.193921361031393
0.0640000000000006 0.217121870945359 0.149607298538497
0.0650000000000006 0.39822508791417 0.339738462830023
0.0660000000000007 0.243120531655638 0.297847615602617
0.0670000000000008 0.133640928075763 0.233453390001092
0.0680000000000007 0.523899498865176 0.241679207279214
0.0690000000000005 0.559153690716457 0.247197847901203
0.0700000000000006 0.357314584338701 0.248492357641811
0.0710000000000007 0.385284816028716 0.27729801238021
0.0720000000000007 0.543010788714361 0.383522103059666
0.0730000000000006 0.246045712875372 0.288750929615123
0.0740000000000006 0.00555173276630343 0.265403714528378
0.0750000000000008 0.0789962241431489 0.332996583417692
0.0760000000000007 0.0815302062164278 0.251145362696578
0.0770000000000007 0.165081168570938 0.0983010042716966
0.0780000000000006 0.688607303113806 0.328111939401228
0.0790000000000006 0.887922952123332 0.278501604227705
0.0800000000000007 0.597699516895952 0.231610667096667
0.0810000000000006 0.390038236927177 0.269930323380887
0.0820000000000005 0.266978593705151 0.351329456624778
0.0830000000000006 0.41952009621562 0.365205251437302
0.0840000000000005 0.549391049509743 0.365906227641188
0.0850000000000007 0.245315339643215 0.25168878532594
0.0860000000000006 0.164127717024516 0.332810309145332
0.0870000000000005 0.41951798998782 0.300400634116074
0.0880000000000006 0.29892194585014 0.267179827954896
0.0890000000000007 0.297161577877441 0.32370192520765
0.0900000000000006 0.0888141954562673 0.31949798432366
0.0910000000000005 0.376877934717741 0.335348043170762
0.0920000000000007 0.327149437252677 0.264401810101053
0.0930000000000005 0.350017901982376 0.30593809307448
0.0940000000000007 0.139012998865375 0.30908345177321
0.0950000000000006 0.374808460732052 0.37397807830214
0.0960000000000005 0.343357744619112 0.382642988326289
0.0970000000000006 0.231598884336508 0.349884056835336
0.0980000000000007 0.382474926038765 0.293526207812739
0.0990000000000006 0.7046886920035 0.373229623190421
0.100000000000001 0.291408859542002 0.310930697926012
0.101000000000001 0.0364993055662289 0.376255091363167
0.102000000000001 0.173534232031721 0.296533477022972
0.103000000000001 -0.141141701651649 0.134083636603526
0.104000000000001 0.295297141714085 0.199366563422619
0.105 -0.085140509829641 0.242064805671056
0.106000000000001 0.182607371899855 0.224415539998327
0.107000000000001 0.51286613755443 0.244000989253224
0.108000000000001 0.389961939491203 0.339055660798176
0.109000000000001 0.468257442932474 0.480893128838326
0.11 0.348490268494719 0.222605571243037
0.111000000000001 0.455369230157109 0.337322890020541
0.112000000000001 0.368579676623919 0.397084223461284
0.113000000000001 0.266442637020106 0.372097965839103
0.114 0.272191127649679 0.255370907326322
0.115000000000001 0.518047588093297 0.375565078343295
0.116000000000001 0.461229721213212 0.411790452292828
0.117000000000001 0.0130996473861269 0.229884968842036
0.118000000000001 0.37378834481391 0.259508870660972
0.119 0.226564602772692 0.275162655002397
0.120000000000001 0.104073638785251 0.242283623170186
0.121000000000001 0.263447300458193 0.337830387899217
0.122000000000001 0.445290218529237 0.368240125768694
0.123000000000001 0.514690174430661 0.436321069086355
0.124000000000001 0.316069338101471 0.350314379935667
0.125000000000001 0.176806763104064 0.342298141205441
0.126000000000001 0.495242943322622 0.393569679125053
0.127000000000001 0.249233296549004 0.445814590675171
0.128 0.0542261936820054 0.315387488141139
0.129000000000001 0.0629822935520419 0.364058332586885
0.130000000000001 0.303300949207293 0.319362746705873
0.131000000000001 0.207223224220882 0.445121091925019
0.132000000000001 0.392936585234961 0.429724014207678
0.133000000000001 0.426307357765642 0.407196251334964
0.134000000000001 0.436202265054543 0.454187632704321
0.135000000000001 0.227914671613607 0.409823277016486
0.136000000000001 0.133109057883418 0.368693763892513
0.137 0.335167066973494 0.40872658510413
0.138000000000001 0.634822393312067 0.442850869543595
0.139000000000001 0.397385295026351 0.416860307083361
0.140000000000001 0.185223346517053 0.330357785269254
0.141000000000001 0.482892839275112 0.371540535002044
0.142000000000001 0.277358001710765 0.354917573160157
0.143000000000001 0.438788168734881 0.36335331958344
0.144000000000001 0.517165913933859 0.398281073324055
0.145000000000001 0.483392453943852 0.373852328996716
0.146 0.419370154545148 0.408253809810708
0.147000000000001 0.569607951843177 0.466828064327211
0.148000000000001 0.424835343391068 0.320074682054879
0.149000000000001 0.7900417400756 0.345720305861692
0.150000000000001 0.785768840927193 0.459239986431736
0.151000000000001 0.0295683446907124 0.382589838159066
0.152000000000001 0.354326743598425 0.301402973925755
0.153000000000001 0.567352572994135 0.415590194442788
0.154000000000001 0.343264248193064 0.433566521772887
0.155 0.549935189329954 0.444553240552835
0.156000000000001 0.876496349690391 0.547194092019119
0.157000000000001 0.356760275543806 0.289313942157109
0.158000000000001 0.589207846557162 0.407590047647813
0.159000000000001 0.212874814475363 0.40791367542139
0.160000000000001 0.808245967643784 0.394376206729352
0.161000000000001 0.209747248983472 0.369460754904135
0.162000000000001 0.311347253526801 0.36897223914834
0.163000000000001 0.496902830642827 0.344442846277144
0.164000000000001 0.421029021958096 0.369842233453682
0.165000000000001 0.358874758247084 0.489026947975641
0.166000000000001 0.533806946054416 0.408606568873245
0.167000000000001 0.37116259812597 0.479396526047623
0.168000000000001 0.219130829831231 0.311309207999855
0.169000000000001 0.64171662020899 0.395692505707182
0.170000000000001 0.216441704785232 0.529372120883574
0.171000000000001 0.411973302414658 0.389131453115579
0.172000000000001 0.530359579280712 0.51357892715125
0.173000000000001 -0.0477681333551746 0.368873828684896
0.174000000000001 0.54352050055492 0.34781731661432
0.175000000000001 0.322240301998069 0.4335923312914
0.176000000000001 0.288371830149465 0.298627026614766
0.177000000000001 0.71495863722943 0.464032856411965
0.178 0.218811293140404 0.492629007107114
0.179000000000001 0.497417501512897 0.496333189479122
0.180000000000001 0.280678837419608 0.448192541931303
0.181000000000001 0.250115833744519 0.3246175213331
0.182000000000001 0.344396343013593 0.428568096310036
0.183000000000001 0.420721478398053 0.481788816423026
0.184000000000001 0.940078313309671 0.436499119674917
0.185000000000001 0.376849404891598 0.533411166402621
0.186000000000001 0.379601779996034 0.368252230052689
0.187 0.780864453026429 0.529159230428519
0.188000000000001 0.608464422483711 0.543608860844095
0.189000000000001 0.379157306335647 0.429649470414384
0.190000000000001 0.468630353124342 0.617400783699065
0.191000000000001 0.46432361097376 0.569688836898071
0.192000000000001 0.57123621553572 0.499563563360592
0.193000000000001 0.582994590510601 0.575478392321522
0.194000000000001 0.55844024043623 0.54623624051707
0.195000000000001 0.681781039497618 0.530724470125874
0.196000000000001 0.633111226346442 0.456071471648188
0.197000000000001 0.501494964782686 0.464420641140216
0.198000000000001 0.691820588556614 0.494841717494039
0.199000000000001 0.646346954936715 0.548797665018241
0.200000000000001 0.696742317566458 0.558252417208155
0.201000000000001 0.688067562855226 0.567284855445163
0.202000000000001 0.478418861031669 0.525956651327743
0.203000000000001 0.768793645709028 0.464965211128706
0.204000000000001 0.522522541357168 0.581137385499001
0.205000000000001 0.532511855927877 0.452440374361807
0.206000000000001 0.57058187200423 0.577141767772272
0.207000000000001 0.629229405746492 0.647687767957328
0.208000000000001 0.401639166844964 0.588639552070191
0.209000000000001 0.639634763464762 0.470645042138249
0.210000000000001 0.533827881356188 0.572377054702518
0.211000000000001 0.40160148150855 0.52331011962096
0.212000000000001 0.615304536791544 0.510172121694184
0.213000000000001 0.721437070900199 0.614883129355148
0.214000000000001 0.425891731922978 0.621931365177666
0.215000000000001 0.708498823042186 0.536777611824271
0.216000000000001 0.7135823711977 0.635887831207504
0.217000000000001 0.586719314935197 0.513435561528367
0.218000000000001 0.698729202405882 0.540865153896442
0.219000000000001 0.275228213557097 0.663395284032084
0.220000000000001 0.396699393714946 0.657480287931914
0.221000000000001 0.395574867268044 0.572622857931128
0.222000000000001 0.749043354419279 0.577343229740192
0.223000000000001 0.674932080954988 0.605424155805122
0.224000000000001 0.778166369417938 0.652713146051152
0.225000000000001 0.436537265701497 0.632334189966176
0.226000000000001 0.549271617640079 0.529756453073796
0.227000000000001 0.371452766214861 0.539519981267743
0.228000000000001 0.10830332470388 0.479941324589932
0.229000000000001 0.469528422286788 0.577329112739279
0.230000000000001 0.62305916089644 0.628982781352327
0.231000000000001 0.974726347605442 0.69838875776643
0.232000000000001 0.945110934312522 0.520835523214471
0.233000000000001 0.902002141080828 0.698943564307871
0.234000000000001 0.542868677956763 0.571725106747501
0.235000000000001 0.691309346722675 0.628815218914181
0.236000000000001 0.859051732708654 0.638734790478115
0.237000000000001 0.637562768436707 0.548422290215377
0.238000000000001 0.509118751448598 0.410330996900648
0.239000000000001 1.11186498428973 0.71025196914495
0.240000000000001 0.847800806480652 0.540097395768887
0.241000000000001 0.663448138599876 0.691021194559503
0.242000000000001 0.220270075354589 0.650843310483289
0.243000000000001 0.218652911238606 0.666459631527958
0.244000000000001 0.375206616633272 0.519306627724638
0.245000000000001 0.66934929263159 0.644396363467367
0.246000000000001 0.579579501696086 0.632871596226097
0.247000000000001 0.323579048337952 0.687546782502986
0.248000000000001 0.394733229252409 0.585357731489453
0.249000000000001 0.767011211812047 0.595814102580266
0.250000000000001 0.713530138145995 0.663187521682975
0.251000000000001 0.570669066640227 0.698706991535763
0.252000000000001 0.555487099301705 0.624736756377956
0.253000000000001 0.854300810548074 0.673579704754839
0.254000000000001 0.355771451707367 0.71935090945126
0.255000000000001 0.609500095298415 0.705101296934516
0.256000000000001 0.681151157110575 0.659162695851775
0.257000000000001 0.684987074392822 0.639466722053748
0.258000000000001 0.816194622932459 0.65066779950902
0.259000000000001 0.379778709390619 0.702545819420036
0.260000000000001 0.471095440039617 0.586467875171227
0.261000000000001 0.542759737461473 0.668015131862221
0.262000000000001 0.952039939960155 0.800803853375997
0.263000000000001 0.741050179395532 0.863187888674345
0.264000000000001 0.669888945857032 0.646562255543644
0.265000000000001 0.858817859761713 0.776758562491267
0.266000000000001 1.1208110905248 0.642630204980696
0.267000000000001 0.750254832427277 0.716331537930501
0.268000000000001 0.702324903588176 0.837480045352907
0.269000000000001 0.773746483379003 0.853257940889748
0.270000000000001 0.421551547595903 0.771535903967862
0.271000000000001 0.386102411958556 0.748546163628481
0.272000000000001 0.72763189406261 0.772296319455536
0.273000000000001 0.561420085335069 0.762224310935694
0.274000000000001 0.679147938731451 0.704855192510758
0.275000000000001 0.667279720753321 0.764603502453326
0.276000000000001 0.655214531456005 0.747178362290591
0.277000000000001 1.0548215623599 0.821097976677326
0.278000000000001 0.723870746669984 0.771762752248061
0.279000000000001 0.782085808308392 0.743447375918358
0.280000000000001 0.670421757868101 0.764829940659416
0.281000000000001 0.879267076913417 0.779444995725457
0.282000000000001 0.829178496581359 0.714541303963184
0.283000000000001 0.558405076547511 0.732307175221803
0.284000000000001 1.14517423268247 0.761876786788001
0.285000000000001 0.920107451250724 0.848767436586652
0.286000000000001 0.682924686119379 0.749785614929136
0.287000000000001 0.746029577054434 0.593222102384787
0.288000000000001 0.686004996849135 0.666469527776962
0.289000000000001 0.688297802186997 0.700700998952057
0.290000000000001 0.896880708945995 0.838243850716232
0.291000000000001 0.435803572186092 0.818795500822057
0.292000000000001 0.467970170182743 0.815087742802346
0.293000000000001 0.67851426379282 0.727710060105834
0.294000000000001 0.433276261898538 0.741731711669048
0.295000000000001 0.860629033208898 0.700125618035245
0.296000000000001 0.702615080029891 0.724348304527785
0.297000000000001 0.901870522309716 0.913015825122888
0.298000000000001 0.862243364075207 0.735219664792743
0.299000000000001 0.648962220571316 0.755726299990959
0.300000000000001 0.729594749613422 0.70217901259971
0.301000000000001 0.725927359602398 0.710392252695018
0.302000000000001 0.890845700327167 0.7078394853388
0.303000000000001 0.579333631324068 0.847804584165356
0.304000000000001 0.798636234950903 0.717657126879446
0.305000000000001 1.00250498153173 0.772648651616439
0.306000000000001 0.632956172379561 0.671020648343914
0.307000000000001 0.947632810226113 0.752643624002013
0.308000000000001 0.746739009527327 0.799799011831719
0.309000000000001 0.660937755554296 0.843570130055592
0.310000000000001 0.796406578787859 0.818442627220935
0.311000000000001 0.547861840212875 0.760286020314097
0.312000000000001 0.90934937717461 0.808733338851909
0.313000000000001 0.895642909678024 0.891134785765666
0.314000000000001 0.79905804725114 0.771080641730548
0.315000000000001 0.957282047366064 0.844663901098254
0.316000000000001 0.836605916680832 0.874573390749211
0.317000000000001 1.00355142675943 0.895394638642327
0.318000000000001 0.924362606002601 0.885715600199244
0.319000000000001 1.01881047911409 0.880426358942677
0.320000000000001 0.526511768541068 0.749508491469344
0.321000000000001 0.692958665606717 0.754364672329421
0.322000000000001 0.961897713993623 0.83047668180292
0.323000000000001 0.523837353085395 0.911586465515277
0.324000000000001 0.74112201172792 0.803435559711975
0.325000000000001 0.877607994874721 0.79814213277233
0.326000000000001 0.424921640116804 0.841246829610161
0.327000000000001 0.905615511446635 0.86645959218083
0.328000000000001 0.91416900461503 0.835037098838508
0.329000000000001 0.789422172226454 0.962362773663204
0.330000000000001 0.714501404492667 0.928536829248498
0.331000000000001 1.13649292159951 0.886582091321635
0.332000000000001 0.886963341090465 0.935739836692793
0.333000000000001 0.917837651591725 0.936872919221776
0.334000000000001 0.797489927870457 0.867047788814145
0.335000000000001 1.00020065925754 0.919567507411605
0.336000000000001 0.817937767266609 0.879300524121999
0.337000000000001 0.814102170313119 0.885170806716845
0.338000000000001 0.981835309056176 0.916071447688902
0.339000000000001 0.894871181246513 1.00135486900169
0.340000000000001 0.908014028226994 1.00687669035789
0.341000000000001 0.946108499124784 0.911046725452861
0.342000000000001 1.0657174076255 0.882119145668311
0.343000000000001 1.10484034409569 0.978095144762056
0.344000000000001 1.0095826046254 0.960780107117101
0.345000000000001 0.672994959268502 0.926814968217581
0.346000000000001 0.946610488739636 0.923667324093263
0.347000000000001 0.829859746339311 1.04243216838637
0.348000000000001 0.846356398319751 0.905088377809318
0.349000000000001 0.913434335154232 0.908504517383465
0.350000000000001 1.09193064519148 1.05440488989012
0.351000000000001 1.10717048341046 0.988040596482878
0.352000000000001 1.11097794099389 1.00622309036774
0.353000000000001 0.966361986243101 0.985300970477183
0.354000000000001 1.20478249831212 1.0991554782698
0.355000000000001 0.841349183081879 0.996921363295201
0.356000000000001 1.11458967880323 0.93123260507251
0.357000000000001 1.05675639360975 0.893877515490083
0.358000000000001 0.964774704764673 1.07119887850451
0.359000000000001 1.03859331908595 1.09383540264391
0.360000000000001 1.03757619481689 0.965064124558573
0.361000000000001 1.11661425127853 1.04860317221529
0.362000000000001 0.858923327268931 0.974500919459973
0.363000000000001 0.993276018456458 0.973627400229086
0.364000000000001 0.961766307291624 1.00321591446497
0.365000000000001 1.38402009901603 1.12693346047377
0.366000000000001 0.889488006940429 1.04028226780983
0.367000000000001 0.966900198149061 1.08357396866514
0.368000000000001 0.715456057778723 1.13267158416137
0.369000000000001 1.20941609501875 1.04791898448728
0.370000000000001 0.924083578380739 1.07473418664743
0.371000000000001 1.0613552902964 0.980718285066882
0.372000000000001 1.15728563513646 1.1025758036083
0.373000000000001 1.00222335682691 1.05117636008388
0.374000000000001 1.1048554363033 1.14246013623728
0.375000000000001 1.19456041971822 1.20250180945182
0.376000000000001 0.883719394449256 1.18820149420732
0.377000000000001 0.910918733674461 1.08512376610337
0.378000000000001 1.24299926414147 1.22593862834273
0.379000000000001 0.871009348096888 1.16151506236776
0.380000000000001 0.949281005291407 1.09319898127201
0.381000000000001 1.14419060551785 1.04946071204307
0.382000000000001 1.41507352569738 1.24454726067957
0.383000000000001 1.55362158760154 1.24369668717772
0.384000000000001 0.90573339635587 1.19735974677989
0.385000000000001 1.50351379849753 1.147345074246
0.386000000000001 1.08986517390632 1.1809465380557
0.387000000000001 1.10777625105601 1.23450034811195
0.388000000000001 1.21917840038859 1.30689754199002
0.389000000000001 1.08436464086304 1.20904774289198
0.390000000000001 0.93608256523688 1.17210618027012
0.391000000000001 1.39575371341321 1.21389901297155
0.392000000000001 1.38263324210638 1.25977957232575
0.393000000000001 1.53542667341797 1.21459302309318
0.394000000000001 1.28750628561248 1.32760476634593
0.395000000000001 1.05415084952907 1.19577479798176
0.396000000000001 1.49251214364281 1.23396077979477
0.397000000000001 1.22979245561487 1.29958779414695
0.398000000000001 1.28925418209083 1.1518185950606
0.399000000000001 1.66814041974137 1.28215839532181
0.400000000000001 1.58326313047044 1.41289484235931
0.401000000000001 1.3068311307287 1.2180834583987
0.402000000000001 1.55093424088092 1.30175558459463
0.403000000000001 1.43710841465573 1.35219121732467
0.404000000000001 1.57319810877254 1.30614946779491
0.405000000000001 1.39058272802122 1.29691519163116
0.406000000000001 1.67298135840498 1.31740472628593
0.407000000000001 1.52956995562655 1.48537730786896
0.408000000000001 1.50046817044777 1.36426602868954
0.409000000000001 1.38850958693822 1.44294902850788
0.410000000000001 1.32539384829089 1.38835774657855
0.411000000000001 1.55360484148613 1.43980520609296
0.412000000000001 1.16510935063586 1.54939613779907
0.413000000000001 1.29325892719067 1.41655491008713
0.414000000000001 1.53943713206101 1.49045969281653
0.415000000000001 1.43183161931065 1.51617566692481
0.416000000000001 1.66481227551574 1.50880749988064
0.417000000000001 1.54895084267699 1.48508095930448
0.418000000000001 1.37917678892838 1.47574451575415
0.419000000000001 1.51660841068238 1.60610751823895
0.420000000000001 1.63223645720614 1.4806661495806
0.421000000000001 1.59808631835113 1.45270665379735
0.422000000000001 1.75348728456178 1.5312598581993
0.423000000000001 1.67586160804785 1.47956900931859
0.424000000000001 1.45964548007794 1.55135104423509
0.425000000000001 1.4544746371639 1.54528706107932
0.426000000000001 1.51349144657452 1.59213163182625
0.427000000000001 1.7914849915568 1.57274440772058
0.428000000000001 1.52041020463617 1.56217191776091
0.429000000000001 2.03879692311887 1.65011706958014
0.430000000000001 1.88162702216734 1.67287542932871
0.431000000000001 1.96413707109139 1.6655159386707
0.432000000000001 1.54199525850304 1.59690164115686
0.433000000000001 1.54271403550558 1.65286758813164
0.434000000000001 1.65624990928329 1.66567789883727
0.435000000000001 1.67171776879002 1.68871927152939
0.436000000000001 1.62676403897487 1.65671163316045
0.437000000000001 1.7346364192975 1.61075898022807
0.438000000000001 1.58519753496167 1.66965804957238
0.439000000000001 1.83908313039119 1.58715471730832
0.440000000000001 1.6956789609218 1.70433916552125
0.441000000000001 1.72850652329604 1.75923503774063
0.442000000000001 1.88527915135573 1.78464916122329
0.443000000000001 1.79061096110505 1.61179605510986
0.444000000000001 1.58082414302505 1.59849035292049
0.445000000000001 1.67969443461733 1.71834695283669
0.446000000000001 1.7784547885546 1.67155752432663
0.447000000000001 1.75773913529794 1.7245576941841
0.448000000000001 1.70975774168334 1.80974973389837
0.449000000000001 1.59751447813609 1.78937885968196
0.450000000000001 1.96947928275602 1.85853098345049
0.451000000000001 1.86137203169071 1.75201327561949
0.452000000000001 1.90618017650537 1.72323265926813
0.453000000000001 1.98215850062506 1.91432256666461
0.454000000000001 2.10398364622787 1.76732893475819
0.455000000000001 2.02281823220636 1.64125102589164
0.456000000000001 1.45773217385362 1.78563906019013
0.457000000000001 1.73837664676226 1.73295019270622
0.458000000000001 1.8100362370315 1.83228798646461
0.459000000000001 1.81534652196265 1.76528575592432
0.460000000000001 1.58425475782627 1.78863535947526
0.461000000000001 1.65573703260425 1.79249609149186
0.462000000000001 1.70153635540487 1.83451715953989
0.463000000000001 1.77914241364776 1.74811152126642
0.464000000000001 1.7979142744759 1.81404368667711
0.465000000000001 2.01959259240126 1.75823585475641
0.466000000000001 2.048425642862 1.8186973877155
0.467000000000001 2.07853219044658 1.82649318244813
0.468000000000001 1.83266385652809 1.84117634905056
0.469000000000001 1.87495887064145 1.83434949806343
0.470000000000001 1.85215955166261 1.97627966844816
0.471000000000001 2.02160429794268 2.01152168101445
0.472000000000001 2.15280227438372 1.89638911124434
0.473000000000001 1.72248562416258 1.99178708325126
0.474000000000001 2.06931057499028 2.06617081799457
0.475000000000001 2.06600244268871 2.08019102193634
0.476000000000001 1.85015565555493 2.04455668164947
0.477000000000001 1.81193468690088 1.88860002867031
0.478000000000001 1.98786713790051 2.02638244270825
0.479000000000001 2.04994145597875 2.01878219419017
0.480000000000001 2.11837854608534 1.99762029306784
0.481000000000001 1.72987321461321 1.9930388178798
0.482000000000001 2.22300256025426 1.91106025249246
0.483000000000001 1.95091198471222 1.99400163594062
0.484000000000001 1.96852575697956 2.00583698060863
0.485000000000001 2.15320025153026 2.04789253635518
0.486000000000001 2.04331997073237 2.10271360217789
0.487000000000001 1.82221223200755 2.04884172896463
0.488000000000001 1.93345928996461 2.07934285090823
0.489000000000001 1.74014863265096 2.0535230693095
0.490000000000001 2.05742094574665 2.07084570550298
0.491000000000001 2.14459863885321 2.05508162512715
0.492000000000001 2.01385165957639 2.05809068957619
0.493000000000001 2.18326289661283 2.09044856608167
0.494000000000001 2.13811067909883 2.25722585105752
0.495000000000001 2.05378560493239 2.04703532627124
0.496000000000001 2.17672343759485 2.03735480010144
0.497000000000001 2.05232609435817 2.14586990797619
0.498000000000001 2.45258775025401 2.06999282792469
0.499000000000001 2.31179219815901 2.12826048607132
0.500000000000001 2.21735074053956 2.14483388383317
0.501000000000001 2.0884655690304 2.19166905217172
0.502000000000001 2.2063186247682 2.12205872662668
0.503000000000001 1.88223890953032 2.13121609781872
0.504000000000001 1.96335731074118 2.17979534969851
0.505000000000001 2.12993140838929 2.20119039230738
0.506000000000001 2.27171011410432 2.29290114661717
0.507000000000001 2.42594480030683 2.29266206799883
0.508000000000001 2.22755385856174 2.29241655744164
0.509000000000001 2.09601642957744 2.21188195822767
0.510000000000001 2.17471667425467 2.28574269910584
0.511000000000001 2.38144878516913 2.34378568180241
0.512000000000001 2.34377968677767 2.40078288231698
0.513000000000001 2.39252496890119 2.35380933519207
0.514000000000001 2.16277105065854 2.45745087496809
0.515000000000001 2.17576701817389 2.2865679563064
0.516000000000001 2.40533788846324 2.39349278080484
0.517000000000001 2.48833721754928 2.3923717729388
0.518000000000001 2.38947362696258 2.3846249598892
0.519000000000001 2.56295708482931 2.40993935475934
0.520000000000001 2.31022376843996 2.46803732810988
0.521000000000001 2.5932798454975 2.37974979063084
0.522000000000001 2.24672083498155 2.32699182013103
0.523000000000001 2.67662855686814 2.46931981136822
0.524000000000001 2.72313317155954 2.60031491556717
0.525000000000001 2.40808570216497 2.5366286343154
0.526000000000001 2.34222073143821 2.51116677442955
0.527000000000001 2.41876509141837 2.48347889902965
0.528000000000001 2.64926771251055 2.59995713219188
0.529000000000001 2.64349660300496 2.61228969677472
0.530000000000001 2.69031446603694 2.69051870917668
0.531000000000001 2.59052135189301 2.55802589524798
0.532000000000001 3.01689213571444 2.6456199535458
0.533000000000001 2.6649512076413 2.6811723588781
0.534000000000001 2.50358063497363 2.4985539672861
0.535000000000001 2.61683871918237 2.56722237642535
0.536000000000001 2.65672595394008 2.70519887479806
0.537000000000001 2.62034806279205 2.65030063679809
0.538000000000001 2.54336094582507 2.80428127645852
0.539000000000001 2.69828067288936 2.71317200818577
0.540000000000001 2.58214983179885 2.75048737232696
0.541000000000001 2.67714127103332 2.71273869158731
0.542000000000001 2.54044659533424 2.66065843031833
0.543000000000001 2.87641063616031 2.88496274487599
0.544000000000001 2.67732331324347 2.67314401617716
0.545000000000001 2.87638504424667 2.83426792671235
0.546000000000001 2.90886097079803 2.73466335408426
0.547000000000001 2.95273107763772 2.82244562172939
0.548000000000001 2.79594324241871 2.80593067529923
0.549000000000001 2.60601410387283 2.81341082720098
0.550000000000001 2.82943760516537 2.86739716056667
0.551000000000001 2.68710040582581 2.89304991382932
0.552000000000001 3.00574053217333 2.89371110279367
0.553000000000001 3.17749940928587 3.04042458132306
0.554000000000001 2.92276686823214 2.85378919378026
0.555000000000001 2.55236712909327 2.91925095155892
0.556000000000001 2.98919055253294 2.98559830594884
0.557000000000001 2.79987475474823 2.96325917121007
0.558000000000001 2.66957455306956 3.01859679838642
0.559000000000001 2.7442700673141 2.9793295525267
0.560000000000001 2.85963016759525 2.98492900613585
0.561000000000001 2.94183876110521 3.10244472447081
0.562000000000001 3.08939276688906 3.0556822870005
0.563000000000001 3.17452783195891 3.12289987408121
0.564000000000001 2.91952644321566 3.05793201270246
0.565000000000001 3.30711452426403 3.20669030305361
0.566000000000001 3.23275557694997 3.18167187556082
0.567000000000001 3.19045020539317 3.16668816560663
0.568000000000001 3.44266147418808 3.28986093857088
0.569000000000001 3.42964186032622 3.18573924063722
0.570000000000001 3.30919256166947 3.27042780238514
0.571000000000001 3.29687691943676 3.20807832072763
0.572000000000001 3.24855613740352 3.28536470373187
0.573000000000001 3.19001976203161 3.18478219255154
0.574000000000001 3.44867418093734 3.32186412133859
0.575000000000001 3.00785986350221 3.32249925140017
0.576000000000001 3.18281634118804 3.2102933873604
0.577000000000001 3.47765445369081 3.44297901267395
0.578000000000001 3.39212541384741 3.39364900823895
0.579000000000001 3.51488236414722 3.39569046381743
0.580000000000001 3.59843333980753 3.50163787444752
0.581000000000001 3.44324355636804 3.52788442214666
0.582000000000001 3.49278072787407 3.45146362212358
0.583000000000001 3.26087858611629 3.45218380133059
0.584000000000001 3.3177196886028 3.5541750705769
0.585000000000001 3.29489522083172 3.48444008797199
0.586000000000001 3.36005002189332 3.53550762931996
0.587000000000001 3.68467464171414 3.68348524785855
0.588000000000001 3.59469935088101 3.53272579336
0.589000000000001 3.56260174170847 3.61802472303666
0.590000000000001 3.6668368474164 3.69083883945709
0.591000000000001 3.55450216972822 3.63032159809841
0.592000000000001 3.68794964692279 3.5895834358059
0.593000000000001 3.67960304175613 3.64258394237275
0.594000000000001 3.8298807254793 3.64413938529862
0.595000000000001 3.8649431104085 3.66480011462238
0.596000000000001 3.4512654868038 3.64783746545383
0.597000000000001 3.65976381356829 3.68077008624219
0.598000000000001 3.9318580057983 3.63900849793579
0.599000000000001 3.54337421366123 3.6588740754949
0.600000000000001 3.94281371398286 3.68202970541113
0.601000000000001 3.68002243697395 3.82395848951865
0.602000000000001 3.69951954871943 3.7131168307304
0.603000000000001 3.89943636436446 3.78135824989049
0.604000000000001 3.78552489356659 3.74046866856238
0.605000000000001 3.9371137936926 3.80453274612668
0.606000000000001 4.00305350888727 3.87606948121427
0.607000000000001 3.73074605995077 3.888072171874
0.608000000000001 3.97662788834335 3.96786698478831
0.609000000000001 3.82072406203997 4.04419466650128
0.610000000000001 3.82055606304663 3.84657381072916
0.611000000000001 4.05889940951539 3.89047917693792
0.612000000000001 4.18428262403961 3.93761889779936
0.613000000000001 3.70574799580324 3.95132345272322
0.614000000000001 3.82114097474953 3.99788009851363
0.615000000000001 4.01144133521429 4.15925778599223
0.616000000000001 3.92943132620312 4.06278241007827
0.617000000000001 4.05246268682548 3.97257006156889
0.618000000000001 4.26903065907296 4.09446178597233
0.619000000000001 3.93337262439935 4.08328395133021
0.620000000000001 4.15565036548745 4.00926605386955
0.621000000000001 4.11456703718217 4.19260548719447
0.622000000000001 4.39076803341911 4.22404739955781
0.623000000000001 4.35284125808068 4.25542431925407
0.624000000000001 4.39031049687735 4.24792939854707
0.625000000000001 4.31727927394061 4.19065750393766
0.626000000000001 4.17995751129365 4.22142954399926
0.627000000000001 4.06363130703478 4.21027751730454
0.628000000000001 4.3889939498988 4.1988597462956
0.629000000000001 4.21555450321988 4.34115205269363
0.630000000000001 4.20655514681118 4.24365975184278
0.631000000000001 4.27848379108483 4.32416329630884
0.632000000000001 4.4602565222424 4.37278582345788
0.633000000000001 4.34626557305737 4.35343084866653
0.634000000000001 4.54410702119662 4.41399162567578
0.635000000000001 4.46739348519003 4.40805263391285
0.636000000000001 4.5766501941691 4.44102689655808
0.637000000000001 4.39499062385989 4.49863273487312
0.638000000000001 4.21069300140911 4.45094479031486
0.639000000000001 4.44262328755957 4.46738380461677
0.640000000000001 4.7394289539964 4.61393216103231
0.641000000000001 4.49808129684701 4.57699728369638
0.642000000000001 4.58887671816942 4.43782582267186
0.643000000000001 4.74228151702017 4.59927951756653
0.644000000000001 4.70380086560106 4.6719956366576
0.645000000000001 4.86279010031604 4.59584162098245
0.646000000000001 4.4353714361906 4.63749496633953
0.647000000000001 4.80875217034181 4.61235861157765
0.648000000000001 4.7855150870796 4.72120198814291
0.649000000000001 4.91090198692302 4.79350938256564
0.650000000000001 4.73931972521756 4.77285945752923
0.651000000000001 4.66659876907246 4.70684647319202
0.652000000000001 4.84469019931303 4.78439142097077
0.653000000000001 4.71931727044321 4.75555934635261
0.654000000000001 4.97385184923677 4.84211812635064
0.655000000000001 4.8611149621314 4.82816353868329
0.656000000000001 5.08592518951035 4.96622458323976
0.657000000000001 5.00323207011491 4.92451692778484
0.658000000000001 4.6592439382125 4.8454048521826
0.659000000000001 5.11103083282112 4.81691298435381
0.660000000000001 5.09660815258176 4.9329711962774
0.661000000000001 4.95862324293985 4.98192230321919
0.662000000000001 5.01512895700314 4.89491240007172
0.663000000000001 5.04192451287634 5.04062843368288
0.664000000000001 5.15619986916551 4.98044654734955
0.665000000000001 4.8991720892565 4.89962120144231
0.666000000000001 4.89914665175306 4.92352378420243
0.667000000000001 5.16701250026486 5.04749635554024
0.668000000000001 4.99252373334786 5.11812008546811
0.669000000000001 4.98212982972454 5.08953392909483
0.670000000000001 5.19655247367623 5.03036821832853
0.671000000000001 5.14981352135011 5.16072286928096
0.672000000000001 5.30501502705761 5.1958047103698
0.673000000000001 5.34578590443331 5.22892017011557
0.674000000000001 5.15864767739331 5.26280495999746
0.675000000000001 5.14765272804717 5.25188079654752
0.676000000000001 5.22255233571998 5.32258308191369
0.677000000000001 5.37814427424234 5.23694011164399
0.678000000000001 5.23826241772595 5.21145612103937
0.679000000000001 5.3214628653659 5.39507558682359
0.680000000000001 5.58696991238764 5.32093979312221
0.681000000000001 5.14495256745303 5.32241313710839
0.682000000000001 5.3366425456835 5.22885511036755
0.683000000000001 5.56556451260599 5.37316579761596
0.684000000000001 5.5017023215477 5.48597555242985
0.685000000000001 5.498076978506 5.41505323714651
0.686000000000001 5.50374183371268 5.54102414190276
0.687000000000001 5.74186830164795 5.48316649077029
0.688000000000001 5.68091382542362 5.69574563602577
0.689000000000001 5.6737151770662 5.58109971571657
0.690000000000001 5.63704891957292 5.50737540759913
0.691000000000001 5.57222229911384 5.54916459075924
0.692000000000001 6.08830195160913 5.57556610230535
0.693000000000001 5.60569528491073 5.62416855015538
0.694000000000001 5.51570683058941 5.55460892494328
0.695000000000001 5.73143185071256 5.6487488397186
0.696000000000001 5.60418918305927 5.7529692146948
0.697000000000001 5.60250320131399 5.78339940411116
0.698000000000001 5.81911393628477 5.71390716817995
0.699000000000001 5.96647076783741 5.79897747450328
0.700000000000001 5.75982837206665 5.89608199716914
0.701000000000001 5.90865042796213 5.88472701180398
0.702000000000001 5.91668586724587 5.8675464428802
0.703000000000001 6.00611124939429 6.00061700912988
0.704000000000001 5.99307843839712 5.96503357255001
0.705000000000001 6.10776624526229 5.96533856268993
0.706000000000001 5.97767017589091 5.89002728086969
0.707000000000001 6.13828839374991 6.1245510983604
0.708000000000001 5.87436893725898 6.05392512706631
0.709000000000001 6.32933123066331 6.03250438247098
0.710000000000001 6.43568569309742 6.11224391946971
0.711000000000001 6.30671847306773 6.22097498340584
0.712000000000001 6.31180797147302 6.1103301641185
0.713000000000001 6.08834623133349 6.2089382551097
0.714000000000001 6.09418427767287 6.19325340285582
0.715000000000001 6.47091103340364 6.28359707506168
0.716000000000001 6.35070046096474 6.29689116447012
0.717000000000001 6.37319613921805 6.19403216499836
0.718000000000001 6.34134406214021 6.29508100464773
0.719000000000001 6.35668251340271 6.40228370434322
0.720000000000001 6.46887351855622 6.4504146084412
0.721000000000001 6.2935068422689 6.38730397499994
0.722000000000001 6.28786192931447 6.46264176865206
0.723000000000001 6.59111188970744 6.40610913002389
0.724000000000001 6.54193661327953 6.46533662005987
0.725000000000001 6.38729556635515 6.47213908432322
0.726000000000001 6.39263918095536 6.46089925204141
0.727000000000001 6.4960550699949 6.52849983891302
0.728000000000001 6.55751975751915 6.49480645063979
0.729000000000001 6.50508850424666 6.58049251020698
0.730000000000001 6.57056769067986 6.75580828703086
0.731000000000001 6.70909182296375 6.68029379182233
0.732000000000001 6.49497953006493 6.57053382884942
0.733000000000001 6.35813788690652 6.60800786810449
0.734000000000001 6.73332504054868 6.70896826832541
0.735000000000001 6.95953512353022 6.86176745170526
0.736000000000001 6.83727534671594 6.89820768666642
0.737000000000001 6.59313274898902 6.81965695902388
0.738000000000001 6.82403013569699 6.71877389842206
0.739000000000001 6.55667331589422 6.84763690305739
0.740000000000001 6.79623730509833 6.81408037747148
0.741000000000001 7.10336410786968 6.95788472671974
0.742000000000001 7.15313215273726 6.83208537700786
0.743000000000001 7.34814377062188 6.97546094851347
0.744000000000001 7.27574736394671 7.04184921051887
0.745000000000001 7.02605438792215 7.09890348289503
0.746000000000001 6.92079398619441 7.04807374604623
0.747000000000001 7.25526551293836 7.06169744289382
0.748000000000001 7.14727535871665 7.24768205075891
0.749000000000001 6.87557011032175 7.20625260760644
0.750000000000001 6.70964294221232 7.0517159341729
0.751000000000001 7.18314670166982 7.15313507723757
0.752000000000001 7.15967252637282 7.22457828081143
0.753000000000001 7.03746997979109 7.34055658128161
0.754000000000001 7.48996995051089 7.3713683670865
0.755000000000001 7.32432249751746 7.39485220701479
0.756000000000001 7.4350233152143 7.38677942392445
0.757000000000001 7.17979576436725 7.37054867991328
0.758000000000001 7.44407640236799 7.45477120183996
0.759000000000001 7.6613104059468 7.45904915190924
0.760000000000001 7.57678583010984 7.4809576565886
0.761000000000001 7.22310849958926 7.51652433830472
0.762000000000001 7.37450111088949 7.5451484926625
0.763000000000001 7.64233403286305 7.55369478815431
0.764000000000001 7.65716045715886 7.65417525555216
0.765000000000001 7.6696306626795 7.68921099853111
0.766000000000001 7.78812123076987 7.6458222408036
0.767000000000001 7.75454731181334 7.78885136762809
0.768000000000001 7.46733430406206 7.74366855413174
0.769000000000001 8.01546209267507 7.78103070982645
0.770000000000001 7.82951609299614 7.84421403772863
0.771000000000001 8.13797565235108 7.83755222103334
0.772000000000001 7.81173913089354 7.87074163906521
0.773000000000001 7.92012647310659 7.855081634424
0.774000000000001 8.08935257757607 7.89829419905471
0.775000000000001 7.7124900131731 7.90290309024871
0.776000000000001 8.23741901299202 8.04582672284161
0.777000000000001 8.30310259953759 8.15116899268213
0.778000000000001 8.14771306976508 8.08692611021558
0.779000000000001 8.11176713290447 8.03659702177988
0.780000000000001 8.45779686476195 8.15212024680019
0.781000000000001 7.97006265196 8.12105093610274
0.782000000000001 8.31399752442253 8.1657652988616
0.783000000000001 8.17400221122312 8.29678415248761
0.784000000000001 8.2811400850185 8.2904805376329
0.785000000000001 8.24136209075521 8.36149832028943
0.786000000000001 8.23783214599831 8.22878270461429
0.787000000000001 8.44838373308321 8.34433880131493
0.788000000000001 8.44716512870456 8.38187979164866
0.789000000000001 8.22426192972969 8.38093729529001
0.790000000000001 8.34670954778189 8.34107453124827
0.791000000000001 8.42275703942907 8.33711234380151
0.792000000000001 8.69282650994089 8.42076430806533
0.793000000000001 8.31935776230943 8.3772877473878
0.794000000000001 8.63564322449102 8.42785577643392
0.795000000000001 8.9926632618151 8.46546888369596
0.796000000000001 8.73716565309269 8.53830924288275
0.797000000000001 8.57958166307507 8.5182736471115
0.798000000000001 8.71721406572719 8.57467685104197
0.799000000000001 8.71656729301561 8.65305691456796
0.800000000000001 8.69349591432441 8.68332059502696
0.801000000000001 8.64711748088295 8.6478291175848
0.802000000000001 8.51355132979952 8.69139841697959
0.803000000000001 8.67715356717414 8.6518800604808
0.804000000000001 8.63601925401867 8.72527909184886
0.805000000000001 8.84394412054501 8.78554086565537
0.806000000000001 8.79001319220962 8.81082307971777
0.807000000000001 8.68295721109729 8.83755890251971
0.808000000000001 8.89836002767531 8.86813719193595
0.809000000000001 9.05244924731142 8.90390174779914
0.810000000000001 8.89842031166733 8.80108521970871
0.811000000000001 9.03702812104146 8.95163255706307
0.812000000000001 8.9615114705401 9.00767596507065
0.813000000000001 8.99692086501183 9.00656799004471
0.814000000000001 9.20564108685065 9.01171143132485
0.815000000000001 9.32255853395421 9.04266294298089
0.816000000000001 9.2639320662176 9.10484366767499
0.817000000000001 8.9335112339189 9.13371670084481
0.818000000000001 9.04078596360609 9.21199444836388
0.819000000000001 9.02391106855014 9.1898216857835
0.820000000000001 9.30194575310595 9.17457178229418
0.821000000000001 9.23806647066983 9.17945446640396
0.822000000000001 9.27532648182485 9.17919297711016
0.823000000000001 9.50597072413722 9.36016300317348
0.824000000000001 9.52953068009895 9.31986800401498
0.825000000000001 9.47176169475909 9.4008192676192
0.826000000000001 9.09648211906572 9.3040253863685
0.827000000000001 9.22098787656361 9.28078282898918
0.828000000000001 9.55335672182597 9.41410825531238
0.829000000000001 9.62516952093194 9.46773149749306
0.830000000000001 9.46249560937002 9.48535253992785
0.831000000000001 9.53772138329012 9.55358913301207
0.832000000000001 9.64024958057441 9.60763217766517
0.833000000000001 9.60012441671712 9.63329229721371
0.834000000000001 9.76681495257284 9.66306650460574
0.835000000000001 9.69969180010774 9.69072603616562
0.836000000000001 9.67307207323304 9.75101190554418
0.837000000000001 9.75801242921779 9.72786045406241
0.838000000000001 9.92289198985396 9.7955059783335
0.839000000000001 9.60888673272894 9.75509821103637
0.840000000000001 9.69719219340431 9.73085257109554
0.841000000000001 9.82891683424512 9.86337539360388
0.842000000000001 9.85346453920615 9.93057291823282
0.843000000000001 9.87009174203765 9.92077919320385
0.844000000000001 9.8403299419863 9.99214047047288
0.845000000000001 10.0416193202945 10.0317334533537
0.846000000000001 10.1711113158558 10.1334517246954
0.847000000000001 10.0393159003964 9.99575997884463
0.848000000000001 10.0357581995686 9.96120128595539
0.849000000000001 10.1991068691565 10.0700802601923
0.850000000000001 10.3407118610767 10.1344286302236
0.851000000000001 10.195919452765 10.0717833117117
0.852000000000001 10.3725232200222 10.1719536345311
0.853000000000001 10.1414895572742 10.189945058476
0.854000000000001 10.218398458714 10.1717214570989
0.855000000000001 10.2293730886404 10.259616974431
0.856000000000001 10.4164207039104 10.3064338594091
0.857000000000001 10.3735847760891 10.4540926111267
0.858000000000001 10.1546610755344 10.4051503653524
0.859000000000001 10.5300226197768 10.4082853104196
0.860000000000001 10.366430146634 10.5148965194719
0.861000000000001 10.6208318385963 10.4729292814042
0.862000000000001 10.5815450215968 10.4880129731713
0.863000000000001 10.6948508207147 10.5041044513464
0.864000000000001 10.2059474645632 10.4877496303884
0.865000000000001 10.7220059581835 10.5266173315948
0.866000000000001 10.3654007409875 10.5873586644539
0.867000000000001 10.5107623405014 10.5595705928458
0.868000000000001 10.7229835196722 10.6687276011257
0.869000000000001 10.6654937874774 10.669321296945
0.870000000000001 11.0378438940816 10.741347322767
0.871000000000001 10.8678363416838 10.7523951038458
0.872000000000001 10.6929351892736 10.7720450497349
0.873000000000001 10.6788107349957 10.7540229432835
0.874000000000001 11.128154301788 10.8828537294026
0.875000000000001 10.8863834620961 10.8885646997059
0.876000000000001 11.0116385364123 10.9714475671293
0.877000000000001 10.8462369954295 11.0131322946492
0.878000000000001 11.1456954341231 10.975699467927
0.879000000000001 11.327188883855 11.085441315199
0.880000000000001 11.2056808733166 11.0932455899274
0.881000000000001 11.0054250120946 11.0748995964146
0.882000000000001 11.0041944288192 11.2060821785425
0.883000000000001 11.3410498571945 11.1207103036672
0.884000000000001 11.0852810206825 11.1931947808875
0.885000000000001 11.1156522038937 11.2185989042414
0.886000000000001 11.3630298980238 11.2760466763847
0.887000000000001 11.2220129632679 11.3612444356277
0.888000000000001 11.4156711526933 11.3048081495212
0.889000000000001 11.3574375511703 11.3562926479933
0.890000000000001 11.5472904362686 11.3376139280952
0.891000000000001 11.439549917295 11.5294817853496
0.892000000000001 11.5242457105538 11.4496637352643
0.893000000000001 11.6767678420051 11.5355417536172
0.894000000000001 11.4801624854575 11.4732861299527
0.895000000000001 11.3982130336104 11.6105342615075
0.896000000000001 11.3128214174532 11.5922720013567
0.897000000000001 11.5000138796515 11.6034649544671
0.898000000000001 11.7396690028701 11.6053702908215
0.899000000000001 11.7192848757779 11.6044848696288
0.900000000000001 11.7201888072137 11.6225899107154
0.901000000000001 11.7765361999405 11.7275667845286
0.902000000000001 12.0812645069056 11.8258556966325
0.903000000000001 11.9454839457732 11.8905087350272
0.904000000000001 11.8681216453816 11.9001419742208
0.905000000000001 11.8228099092883 11.8818369125028
0.906000000000001 12.1517406993471 11.9845468022322
0.907000000000001 12.034185696508 12.0515828958171
0.908000000000001 12.3481489155696 12.0310536500291
0.909000000000001 12.1228103614723 12.1407086384644
0.910000000000001 12.0390478948386 12.0548856398918
0.911000000000001 12.1354796269171 12.2090642053838
0.912000000000001 11.9814178122178 12.136095123164
0.913000000000001 12.222161960175 12.2029181111399
0.914000000000001 12.464528656435 12.431340826619
0.915000000000001 12.2117251269365 12.2380022623557
0.916000000000001 12.3140932385329 12.2113070808486
0.917000000000001 12.5665135819044 12.3571268747394
0.918000000000001 12.4579854373841 12.4598783376381
0.919000000000001 12.4341378105166 12.4263031261745
0.920000000000001 12.5647921033506 12.5270393504592
0.921000000000001 12.5641887864099 12.4134565445203
0.922000000000001 12.4274629918028 12.4204501504391
0.923000000000001 12.9020846416313 12.5324800090854
0.924000000000001 12.6205423551703 12.6063579168915
0.925000000000001 12.4327574965484 12.4501613558988
0.926000000000001 12.6524287949864 12.502788644251
0.927000000000001 12.4443176464241 12.6050467828876
0.928000000000001 12.6419390046023 12.6320655161065
0.929000000000001 12.7942790856557 12.7166936816815
0.930000000000001 12.8181128591254 12.7908982101113
0.931000000000001 13.0642242375081 12.8833676613854
0.932000000000001 13.344500980838 13.0597867437973
0.933000000000001 13.2582301600876 13.0462924830873
0.934000000000001 12.9555267518575 12.963946690171
0.935000000000001 13.1251231665121 12.9971460020542
0.936000000000001 12.975593552794 13.0562285588064
0.937000000000001 12.8687304074766 13.0621456344993
0.938000000000001 13.2291821040444 13.1122347673764
0.939000000000001 13.0448163817381 13.1616550993786
0.940000000000001 12.899455425947 13.1940145787772
0.941000000000001 13.2861091811833 13.2220735981729
0.942000000000001 13.1436539392937 13.2605013436139
0.943000000000001 13.16670770127 13.3505483592332
0.944000000000001 13.2778145280551 13.3476773286666
0.945000000000001 13.3492840711687 13.4060402989061
0.946000000000001 13.6025215514643 13.3781653259948
0.947000000000001 13.8120237628626 13.5849485979358
0.948000000000001 13.3855049242251 13.5571676969814
0.949000000000001 13.4016779635155 13.66595251259
0.950000000000001 13.5440601724503 13.5975358142479
0.951000000000001 13.6913509803901 13.6978640001865
0.952000000000001 13.8520928963141 13.7953855596306
0.953000000000001 13.4979223021703 13.8063488571709
0.954000000000001 13.9724523246322 13.7686108535184
0.955000000000001 13.9454295798793 13.8890919048517
0.956000000000001 13.9520469201817 13.8697427238478
0.957000000000001 13.9017964840708 13.9611413525284
0.958000000000001 13.9511005874706 13.7889686626934
0.959000000000001 13.6456287949705 13.9220594723575
0.960000000000001 13.7111805621321 13.924210794688
0.961000000000001 14.0576750351033 13.9848462770239
0.962000000000001 14.0965758383446 14.0571265560593
0.963000000000001 13.9642704589081 13.9542786366282
0.964000000000001 13.967666399695 14.0244723563741
0.965000000000001 14.2824939874707 14.0900561599371
0.966000000000001 14.1804705299624 14.1744777815368
0.967000000000001 14.1330017333705 14.2202289330993
0.968000000000001 14.373999473099 14.2464027478022
0.969000000000001 14.4406146087369 14.300669055618
0.970000000000001 14.4080594374887 14.4437545819755
0.971000000000001 14.2318362524521 14.3786546474087
0.972000000000001 14.5865859383526 14.3711184838924
0.973000000000001 14.3624846070082 14.4770799824629
0.974000000000001 14.4110427897968 14.5739087761182
0.975000000000001 14.4214857909452 14.4583892454622
0.976000000000001 14.6413182142685 14.4480476045273
0.977000000000001 14.5397357085292 14.5650191105261
0.978000000000001 14.6347184936933 14.6039451658359
0.979000000000001 14.6243661688747 14.7028876430555
0.980000000000001 14.8572714437739 14.7141853704625
0.981000000000001 14.961867311464 14.7662740274049
0.982000000000001 14.9970302055839 14.9188291857234
0.983000000000001 14.9013625305379 14.7545247171097
0.984000000000001 14.6181628880321 14.8576903506779
0.985000000000001 14.8486903613097 14.8875303012307
0.986000000000001 15.1110825104271 14.9551245340969
0.987000000000001 14.9929557577791 14.9250860730474
0.988000000000001 14.9729577223455 15.0418617368462
0.989000000000001 14.8550553443834 15.0481879661981
0.990000000000001 15.1448442644611 15.1512681408831
0.991000000000001 14.9360142415949 15.3111626083238
0.992000000000001 15.0762000790766 15.1458528706128
0.993000000000001 15.1288317236651 15.2382681538058
0.994000000000001 15.0039008273448 15.320417035935
0.995000000000001 15.2897084765299 15.1808184983539
0.996000000000001 15.2049034333645 15.4384046317627
0.997000000000001 15.4812649830367 15.4054856188075
0.998000000000001 15.6523444778644 15.3994762690389
0.999000000000001 15.6184432822627 15.50396943471
1 15.4298373724231 15.4593707104992
