# Fix print output for fix def1
5.98864073561336e-16 -0.280383513283504
0.00100000000000049 -0.0450289448841401
0.00200000000000051 -0.0467511759252803
0.00300000000000064 -0.0897981314776031
0.00400000000000066 0.44955239571402
0.00500000000000055 0.251469721165011
0.00600000000000057 0.039908797358139
0.0070000000000007 0.0593122614481473
0.00800000000000072 0.508470623592577
0.00900000000000061 0.212902811556083
0.0100000000000005 0.435642223702138
0.0110000000000005 -0.0446548157241907
0.0120000000000007 0.370158732215123
0.0130000000000007 0.0220528848552107
0.0140000000000006 0.0886602532394138
0.0150000000000006 0.0214668300062552
0.0160000000000007 -0.166397110304185
0.0170000000000006 0.0666559614379658
0.0180000000000006 0.361159865321587
0.0190000000000005 0.311075096982161
0.0200000000000005 0.286005510145007
0.0210000000000007 0.22072108020279
0.0220000000000007 0.113520790658295
0.0230000000000006 0.0121522754510293
0.0240000000000006 0.19874043130857
0.0250000000000005 0.339360186452353
0.0260000000000006 0.0954938983814324
0.0270000000000006 0.0201268745433416
0.0280000000000005 0.346542908922031
0.0290000000000005 0.465368945767822
0.0300000000000007 0.221464219865605
0.0310000000000007 -0.109308999605013
0.0320000000000006 0.0844025331439794
0.0330000000000006 0.44248901140399
0.0340000000000005 0.312765598805085
0.0350000000000006 0.201888691089348
0.0360000000000007 0.40769407309137
0.0370000000000005 -0.103977582380402
0.0380000000000006 0.416062960356114
0.0390000000000007 0.304704828737622
0.0400000000000007 0.332228793524537
0.0410000000000006 -0.0619640506185739
0.0420000000000006 -0.0319100529838565
0.0430000000000005 0.4169023863957
0.0440000000000007 0.0512308666833082
0.0450000000000007 0.432461912523477
0.0460000000000006 0.24777598696693
0.0470000000000006 0.408145752301595
0.0480000000000007 0.165811809106961
0.0490000000000007 0.0292801075060759
0.0500000000000006 0.48101684401446
0.0510000000000005 0.311349097097671
0.0520000000000005 0.283417301018163
0.0530000000000007 0.389841538177303
0.0540000000000007 0.449418021317226
0.0550000000000006 0.423911556403821
0.0560000000000006 0.181233994164889
0.0570000000000007 0.363177330918425
0.0580000000000007 0.0140769670405454
0.0590000000000006 0.110717536498723
0.0600000000000005 -0.0361493465392691
0.0610000000000005 0.327993919421734
0.0620000000000007 0.11945414712601
0.0630000000000007 -0.218540487965209
0.0640000000000006 0.217228934059532
0.0650000000000006 0.399123440484655
0.0660000000000007 0.249184547564155
0.0670000000000006 0.138582470446616
0.0680000000000007 0.530377135854658
0.0690000000000005 0.570263833227838
0.0700000000000006 0.365921574879632
0.0710000000000007 0.424254315241167
0.0720000000000007 0.575206202190108
0.0730000000000006 0.247880275851043
0.0740000000000006 0.0439645762483137
0.0750000000000008 0.0885061876381946
0.0760000000000007 -0.0498056157210327
0.0770000000000007 0.134063141236167
0.0780000000000006 0.60428862528092
0.0790000000000006 0.598376317969538
0.0800000000000007 0.513418265415683
0.0810000000000006 0.326265469322084
0.0820000000000005 0.376754714118412
0.0830000000000006 0.369348970462264
0.0840000000000005 0.408621997212881
0.0850000000000007 0.298308400301753
0.0860000000000006 0.379543064044193
0.0870000000000005 0.0727206061300629
0.0880000000000006 0.260430489189734
0.0890000000000007 0.471468273097234
0.0900000000000006 0.335799956702312
0.0910000000000005 0.276107007289326
0.0920000000000007 0.522799148471915
0.0930000000000005 0.552961666097577
0.0940000000000007 0.0730814199006356
0.0950000000000006 0.0807809765475783
0.0960000000000005 0.198905635162927
0.0970000000000006 0.192931867727225
0.0980000000000007 0.216222668438421
0.0990000000000006 0.404303846044691
0.100000000000001 0.267627469684174
0.101 0.289268246079941
0.102000000000001 0.498673860189743
0.103000000000001 0.435228965446948
0.104000000000001 0.329861521348927
0.105 0.163727757373269
0.106000000000001 0.259788640788138
0.107000000000001 0.275338432865294
0.108000000000001 0.580528693795134
0.109000000000001 0.534542286727147
0.11 0.337375296178879
0.111000000000001 0.209830706369296
0.112000000000001 0.611598777851192
0.113000000000001 0.396177063671479
0.114 0.407427657876197
0.115000000000001 0.449187785166824
0.116000000000001 0.528899896380844
0.117000000000001 0.109067677482547
0.118000000000001 0.500484719328306
0.119 0.469519237924924
0.120000000000001 0.281258426806855
0.121000000000001 0.421943612331498
0.122000000000001 -0.0885250978408018
0.123000000000001 0.0537384854036528
0.124000000000001 0.0745115932617535
0.125000000000001 0.00490640916672686
0.126000000000001 0.530971209755269
0.127000000000001 0.280778553332598
0.128 0.34409874496424
0.129000000000001 0.0963866670130083
0.130000000000001 0.236191982198855
0.131000000000001 0.372331908040141
0.132000000000001 0.272218876535196
0.133000000000001 0.535464547142903
0.134000000000001 0.394423298488521
0.135000000000001 -0.150849085372162
0.136000000000001 0.264416677862648
0.137 0.094676929904425
0.138000000000001 0.00619284846550898
0.139000000000001 0.211065521615066
0.140000000000001 0.68715287093718
0.141000000000001 0.212621243742196
0.142 0.199907789318772
0.143000000000001 0.738076602430322
0.144000000000001 -0.00279838128390596
0.145000000000001 0.614333092331791
0.146 0.279431384336051
0.147000000000001 0.366677729916494
0.148000000000001 -0.0885429023756005
0.149000000000001 0.225233221171364
0.150000000000001 0.557254591615913
0.151 0.608389126053298
0.152000000000001 0.415165092550134
0.153000000000001 0.579728620779725
0.154000000000001 0.568392508609678
0.155 0.813819533686924
0.156000000000001 0.652576548319032
0.157000000000001 0.228531786283955
0.158000000000001 0.0617568187805947
0.159000000000001 0.437943820532259
0.16 0.514744512175863
0.161000000000001 0.128535337676204
0.162000000000001 0.328744941191981
0.163000000000001 0.484871576106819
0.164000000000001 0.700607617559013
0.165000000000001 0.383010805656978
0.166000000000001 0.647253596941942
0.167000000000001 0.473529844623818
0.168000000000001 0.313882039146578
0.169 0.206158826158961
0.170000000000001 0.257772937764672
0.171000000000001 0.185079604779609
0.172000000000001 0.821673251700464
0.173000000000001 0.159540297386824
0.174000000000001 0.658296494990872
0.175000000000001 0.538547061094602
0.176000000000001 0.479128355107325
0.177000000000001 0.747425819539684
0.178 0.437029559911652
0.179000000000001 0.138497365968185
0.180000000000001 0.551752939929275
0.181000000000001 0.448897602757812
0.182000000000001 0.308756404149944
0.183000000000001 0.395383005429214
0.184000000000001 0.41599853618442
0.185000000000001 0.6146663824673
0.186000000000001 0.54634861683351
0.187 0.143085439163256
0.188000000000001 0.530406465978731
0.189000000000001 0.506837337002449
0.190000000000001 0.592735962403714
0.191000000000001 0.529778918319285
0.192000000000001 0.458813181635968
0.193000000000001 0.750080209791787
0.194000000000001 0.444851774535481
0.195000000000001 0.227631970846009
0.196000000000001 0.24712757572134
0.197000000000001 0.383357199085701
0.198000000000001 0.349973994915263
0.199000000000001 0.749841506208555
0.200000000000001 0.753710398548947
0.201000000000001 0.565539004307104
0.202000000000001 0.590412766676423
0.203000000000001 0.658691611042519
0.204000000000001 0.431114529519305
0.205000000000001 0.439565057967607
0.206000000000001 0.395584596862153
0.207000000000001 0.85165480162633
0.208000000000001 0.61557642612949
0.209000000000001 0.288038136910295
0.21 0.575529475465138
0.211000000000001 0.719228439987389
0.212000000000001 0.33512234394782
0.213000000000001 0.689066213163788
0.214000000000001 0.713851302889511
0.215000000000001 0.515257715644366
0.216000000000001 0.541676503935306
0.217000000000001 0.551830129875701
0.218000000000001 0.434600327295866
0.219 0.454870185126786
0.220000000000001 0.60270983003417
0.221000000000001 0.568578485730215
0.222000000000001 0.571478304639186
0.223000000000001 0.177623489214704
0.224000000000001 0.586033064607616
0.225000000000001 0.596582763465837
0.226000000000001 0.595695760391805
0.227000000000001 0.26842254231638
0.228000000000001 0.278947245946069
0.229000000000001 0.649380453844609
0.230000000000001 0.663056128456311
0.231000000000001 0.476308154549527
0.232000000000001 0.578734225482765
0.233000000000001 0.483812844117486
0.234000000000001 0.463563666717914
0.235000000000001 0.536778827021328
0.236000000000001 0.476121138545529
0.237000000000001 0.547959869125793
0.238000000000001 0.456781429161694
0.239000000000001 0.559061002551612
0.240000000000001 0.694453843215099
0.241000000000001 0.73105951441897
0.242000000000001 0.7797662418512
0.243000000000001 0.530422104507392
0.244000000000001 0.509345958794952
0.245000000000001 0.715912453781532
0.246000000000001 0.681643652466158
0.247000000000001 0.493622823082447
0.248000000000001 0.339820028678433
0.249000000000001 0.376511439542009
0.250000000000001 0.55189150297418
0.251000000000001 0.379383778158114
0.252000000000001 0.311774505312015
0.253000000000001 0.608065382043566
0.254000000000001 0.410746167392742
0.255000000000001 0.666367753740644
0.256000000000001 0.855416135162187
0.257000000000001 0.79117966634505
0.258000000000001 0.660472950272293
0.259000000000001 0.623858351751127
0.260000000000001 0.698428141287097
0.261000000000001 0.688345662158627
0.262000000000001 0.401190478250372
0.263000000000001 0.448952584457578
0.264000000000001 0.61704674147784
0.265000000000001 0.66825129585942
0.266000000000001 0.678517447491192
0.267000000000001 0.810958395306004
0.268000000000001 0.663117334737067
0.269000000000001 0.830143839969349
0.270000000000001 0.680174359066037
0.271000000000001 0.853965217054429
0.272000000000001 0.343023288050237
0.273000000000001 0.514134566686139
0.274000000000001 0.668165118256571
0.275000000000001 0.526242492080375
0.276000000000001 0.782194286055656
0.277000000000001 0.893828569262072
0.278000000000001 0.865750805809552
0.279000000000001 0.34496798596661
0.280000000000001 0.51347370038892
0.281000000000001 0.682770346032946
0.282000000000001 0.730385169928532
0.283000000000001 0.956933988120611
0.284000000000001 0.720099262090839
0.285000000000001 0.605406089098715
0.286000000000001 0.580764874911122
0.287000000000001 0.535434141207684
0.288000000000001 0.938200827294609
0.289000000000001 0.884490082541801
0.290000000000001 0.532021342174781
0.291000000000001 0.510503755156427
0.292000000000001 0.991874243234395
0.293000000000001 0.764279993452695
0.294000000000001 1.02278340199933
0.295000000000001 0.659402631300152
0.296000000000001 0.783563981011072
0.297000000000001 0.447064101210555
0.298000000000001 0.780603726975616
0.299 0.673077159976814
0.300000000000001 0.679273760145865
0.301000000000001 0.845115643626689
0.302000000000001 0.929403588614897
0.303000000000001 0.883258596171071
0.304000000000001 0.941268717250984
0.305000000000001 0.668102230860635
0.306000000000001 0.68614815031087
0.307000000000001 0.774744203690718
0.308000000000001 0.572384344067316
0.309000000000001 0.744487897221661
0.310000000000001 0.639923544220145
0.311000000000001 0.775766291296875
0.312000000000001 1.20783793271664
0.313000000000001 0.724427870290969
0.314000000000001 0.86523996556468
0.315000000000001 0.771530214015699
0.316000000000001 0.626403655609494
0.317000000000001 0.79168057234845
0.318000000000001 1.09604819466823
0.319000000000001 0.843064806639944
0.320000000000001 0.524624155584156
0.321000000000001 0.93294158353659
0.322000000000001 0.866253808408079
0.323000000000001 0.60834220272846
0.324000000000001 0.542680615360055
0.325000000000001 0.780581312522241
0.326000000000001 0.939661444825734
0.327000000000001 0.965063423321452
0.328000000000001 0.58395490203387
0.329000000000001 0.755340712863867
0.330000000000001 0.896769820165383
0.331000000000001 0.797583664131014
0.332000000000001 0.887050315914472
0.333000000000001 1.01640435803785
0.334000000000001 0.785741167067599
0.335000000000001 0.774684072833403
0.336000000000001 0.945112816867297
0.337000000000001 0.924741903787273
0.338000000000001 0.825106297470537
0.339000000000001 0.85299281791852
0.340000000000001 0.840531641408764
0.341000000000001 1.20398624084573
0.342000000000001 0.940027954120865
0.343000000000001 0.480394988732418
0.344000000000001 0.835194794418866
0.345000000000001 0.911924185412109
0.346000000000001 0.861849859696603
0.347000000000001 0.735023056626355
0.348000000000001 1.06590445063314
0.349000000000001 1.00825175265759
0.350000000000001 0.897481613630355
0.351000000000001 0.845146490470372
0.352000000000001 0.982590967292053
0.353000000000001 1.12180476358143
0.354000000000001 0.93943518775126
0.355000000000001 0.874379694731275
0.356000000000001 1.12592969110935
0.357000000000001 0.986881340141351
0.358000000000001 0.677423749082453
0.359000000000001 0.811155686683422
0.360000000000001 0.826873582848778
0.361000000000001 0.7264956020745
0.362000000000001 0.986557408967819
0.363000000000001 1.28876610090001
0.364000000000001 1.14379355781292
0.365000000000001 1.08848260092042
0.366000000000001 0.772992058008005
0.367000000000001 1.13818937082699
0.368000000000001 1.06937044357025
0.369000000000001 1.09354925834651
0.370000000000001 1.18305996638389
0.371000000000001 0.777658695329992
0.372000000000001 1.15492824887061
0.373000000000001 1.05185835489404
0.374000000000001 0.640541565180733
0.375000000000001 0.995404470247706
0.376000000000001 1.34231254150945
0.377000000000001 1.31951246306881
0.378000000000001 1.10639041964275
0.379000000000001 1.03258266643468
0.380000000000001 1.28023379743932
0.381000000000001 1.19661644491507
0.382000000000001 1.24250945955876
0.383000000000001 0.860448291508462
0.384000000000001 1.20731398349288
0.385000000000001 1.14056987567152
0.386000000000001 0.640891758615741
0.387000000000001 1.15052636312885
0.388000000000001 1.12083648403907
0.389000000000001 1.29692052345056
0.390000000000001 1.07016261106447
0.391000000000001 1.27626043520528
0.392000000000001 1.11120767924999
0.393000000000001 1.34230602449215
0.394000000000001 1.04636218019484
0.395000000000001 1.47633206689424
0.396000000000001 1.12731706997318
0.397000000000001 1.3238601887544
0.398000000000001 1.08645498954155
0.399000000000001 1.21423909875305
0.400000000000001 1.12761315020472
0.401000000000001 1.31394205606298
0.402000000000001 1.3355571415605
0.403000000000001 1.15036924643792
0.404000000000001 1.36551249732033
0.405000000000001 1.22143842655131
0.406000000000001 0.921904087218633
0.407000000000001 1.57966618255986
0.408000000000001 1.35454405712393
0.409000000000001 1.27006467835883
0.410000000000001 1.55360439410097
0.411000000000001 1.33945683307017
0.412000000000001 1.49334746505382
0.413000000000001 1.76712796480605
0.414000000000001 1.52349481053794
0.415000000000001 1.24654101741332
0.416000000000001 1.57550078281571
0.417000000000001 1.63730782885635
0.418000000000001 1.3677450430511
0.419000000000001 1.54787701466232
0.420000000000001 1.69604048331128
0.421000000000001 1.39672842411935
0.422000000000001 1.61914671729872
0.423000000000001 1.77110766552193
0.424000000000001 1.42756364228097
0.425000000000001 1.41209612528949
0.426000000000001 1.38359059377498
0.427000000000001 1.42922617431454
0.428000000000001 1.52959733204653
0.429000000000001 1.75130623870332
0.430000000000001 1.86374226528618
0.431000000000001 1.59047813516781
0.432000000000001 1.35805633182523
0.433000000000001 1.36103946950506
0.434000000000001 1.61840300046408
0.435000000000001 1.61237148982831
0.436000000000001 1.70898988037509
0.437000000000001 1.79395227985075
0.438000000000001 1.56616182073914
0.439000000000001 1.9981435526486
0.440000000000001 1.48079027241974
0.441000000000001 1.95332287123461
0.442000000000001 1.59979142281179
0.443000000000001 1.51777917891156
0.444000000000001 1.76759220158793
0.445000000000001 1.84329321282041
0.446000000000001 1.66630517915026
0.447000000000001 1.78037048741547
0.448000000000001 1.70724287417671
0.449000000000001 2.1402536217844
0.450000000000001 2.05700378174947
0.451000000000001 1.72825373035672
0.452000000000001 1.92013020943475
0.453000000000001 1.74825431131865
0.454000000000001 1.77470608652866
0.455000000000001 2.11463888749701
0.456000000000001 2.28016318884319
0.457000000000001 2.00176927292219
0.458000000000001 1.82558262976441
0.459000000000001 1.94178037448928
0.460000000000001 1.95533571586436
0.461000000000001 1.91288067501149
0.462000000000001 1.93337984918959
0.463000000000001 1.9992668200626
0.464000000000001 2.06015998411414
0.465000000000001 1.9670589504069
0.466000000000001 2.1600355637223
0.467000000000001 1.9985809357008
0.468000000000001 2.12297958393784
0.469000000000001 1.98837579545857
0.470000000000001 1.72551903821075
0.471000000000001 1.87125280292967
0.472000000000001 1.86676268198241
0.473000000000001 2.03201236715381
0.474000000000001 1.86799680780284
0.475000000000001 1.91356424941459
0.476000000000001 2.35261744504281
0.477000000000001 2.16946855211556
0.478000000000001 1.90166940255969
0.479000000000001 2.09510524731708
0.480000000000001 2.22467109197823
0.481000000000001 2.32369806513326
0.482000000000001 1.88056384819524
0.483000000000001 2.38254997414797
0.484000000000001 2.22050283877733
0.485000000000001 1.93380391427368
0.486000000000001 2.05434713895111
0.487000000000001 2.31207476076684
0.488000000000001 2.2630129900093
0.489000000000001 2.04892672603449
0.490000000000001 2.28427706759866
0.491000000000001 2.14735507568852
0.492000000000001 2.1636132586952
0.493000000000001 2.330521840713
0.494000000000001 2.03437881984724
0.495000000000001 2.23500700236358
0.496000000000001 2.25200310214945
0.497000000000001 2.31545890874422
0.498000000000001 2.46678260760202
0.499000000000001 2.14479189994416
0.500000000000001 2.25564376024563
